61525 0 -1
61530 0 -1
61537 0 -1
61549 0 -1
61603 0 -1
61604 0 -1
61606 0 -1
61607 0 -1
61611 0 -1
61612 0 -1
61626 0 -1
61629 0 -1
61646 0 -1
61650 0 -1
61671 0 -1
61678 0 -1
61707 0 -1
61896 0 -1
61928 0 -1
61941 0 -1
61942 0 -1
61944 0 -1
61945 0 -1
61948 0 -1
61962 0 -1
61964 0 -1
61973 0 -1
61974 0 -1
61980 0 -1
61984 0 -1
61999 0 -1
62001 0 -1
62012 0 -1
62018 0 -1
62020 0 -1
62021 0 -1
62024 0 -1
62025 0 -1
62026 0 -1
62027 0 -1
62028 0 -1
62029 0 -1
62089 0 -1
62092 0 -1
62094 0 -1
62108 0 -1
62122 0 -1
62138 0 -1
62140 0 -1
62170 0 -1
62179 0 -1
62182 0 -1
62184 0 -1
62204 0 -1
62215 0 -1
62240 0 -1
62270 0 -1
62291 0 -1
62298 0 -1
62303 0 -1
62333 0 -1
62339 0 -1
62357 0 -1
62358 0 -1
62361 0 -1
62362 0 -1
62383 0 -1
62392 0 -1
62401 0 -1
62410 0 -1
62413 0 -1
62414 0 -1
62416 0 -1
62418 0 -1
62420 0 -1
62427 0 -1
62428 0 -1
62429 0 -1
62430 0 -1
62431 0 -1
62432 0 -1
62434 0 -1
62435 0 -1
62447 0 -1
62454 0 -1
62459 0 -1
62461 0 -1
62470 0 -1
62479 0 -1
62492 0 -1
62493 0 -1
62513 0 -1
62542 0 -1
62550 0 -1
62552 0 -1
62597 0 -1
62600 0 -1
62609 0 -1
62622 0 -1
62624 0 -1
62625 0 -1
62627 0 -1
62637 0 -1
62663 0 -1
62668 0 -1
62674 0 -1
62684 0 -1
62688 0 -1
62689 0 -1
62690 0 -1
62692 0 -1
62703 0 -1
62714 0 -1
62721 0 -1
62723 0 -1
62725 0 -1
62726 0 -1
62728 0 -1
62729 0 -1
62730 0 -1
62731 0 -1
62738 0 -1
62757 0 -1
62758 0 -1
62773 0 -1
62780 0 -1
62783 0 -1
62784 0 -1
62799 0 -1
62804 0 -1
62817 0 -1
62819 0 -1
62821 0 0
62826 0 -1
62829 0 0
62831 0 0
62833 0 -1
62841 0 -1
62842 0 -1
62844 0 -1
62845 0 -1
62849 0 0
62850 0 0
62851 0 -1
62856 0 -1
62859 0 -1
62862 0 -1
62865 0 -1
62866 0 -1
62868 0 -1
62870 0 -1
62871 0 -1
62874 0 -1
62877 0 -1
62878 0 -1
62883 0 -1
62884 0 -1
62885 0 -1
62887 0 -1
62909 0 -1
62910 0 -1
62912 0 -1
62915 0 -1
62930 0 -1
62931 0 -1
62932 0 -1
62933 0 -1
62934 0 -1
62960 0 -1
62966 0 -1
62971 0 -1
62972 0 -1
62974 0 -1
62980 0 -1
62987 0 -1
62999 0 -1
63000 0 -1
63002 0 -1
63073 0 -1
63083 0 -1
63092 0 -1
63093 0 -1
63103 0 -1
63115 0 -1
63117 0 -1
63145 0 -1
63147 0 -1
63151 0 -1
63169 0 -1
63170 0 -1
63171 0 -1
63193 0 -1
63194 0 -1
63203 0 -1
63204 0 -1
63206 0 -1
63207 0 -1
63210 0 -1
63211 0 -1
63213 0 -1
63215 0 -1
63263 0 -1
63276 0 -1
63277 0 -1
63278 0 -1
63282 0 -1
63287 0 -1
63288 0 -1
63290 0 -1
63299 0 -1
63337 0 -1
63344 0 0
63345 0 -1
63352 0 -1
63360 0 -1
63373 0 -1
63376 0 -1
63379 0 -1
63382 0 -1
63386 0 -1
63388 0 -1
63389 0 -1
63415 0 -1
63416 0 -1
63561 0 -1
63567 0 -1
63568 0 -1
63571 0 -1
63577 0 -1
63579 0 -1
63597 0 -1
63725 0 1
63728 0 1
63730 0 -1
63759 0 -1
63763 0 -1
63765 0 -1
63767 0 -1
63768 0 1
63769 0 -1
63813 0 1
63818 0 1
63820 0 -1
63821 0 -1
63822 0 -1
63824 0 -1
63825 0 -1
63827 0 -1
63915 0 -1
63916 0 -1
63917 0 -1
63919 0 -1
63920 0 -1
63921 0 -1
63927 0 -1
63928 0 -1
63929 0 -1
63930 0 1
63931 0 -1
63932 0 1
63933 0 1
63945 0 1
63946 0 1
63947 0 1
63987 0 -1
63989 0 -1
64008 0 -1
64009 0 1
64012 0 1
64013 0 1
64018 0 1
64019 0 1
64020 0 1
64021 0 1
64067 0 1
64068 0 1
64075 0 1
64081 0 1
64084 0 1
64086 0 1
64087 0 1
64088 0 1
64098 0 1
64099 0 1
64100 0 1
64103 0 1
64111 0 1
64112 0 1
64113 0 1
64114 0 1
64116 0 1
64117 0 1
64118 0 1
64121 0 1
64123 0 1
64128 0 1
64131 0 1
64135 0 1
64136 0 -1
64137 0 -1
64138 0 -1
64141 0 -1
64169 0 1
64172 0 1
64173 0 1
64174 0 1
64175 0 1
64176 0 -1
64178 0 1
64184 0 1
64237 0 1
64254 0 1
64276 0 1
64277 0 1
64278 0 1
64279 0 1
64281 0 1
64289 0 1
64290 0 1
64294 0 1
64301 0 -1
64310 0 1
64318 0 1
64319 0 1
64320 0 1
64321 0 1
64322 0 -1
64323 0 -1
64325 0 -1
64327 0 1
64329 0 1
64367 0 1
64368 0 1
64369 0 1
64370 0 1
64372 0 1
64375 0 1
64376 0 1
64383 0 1
64384 0 1
64418 0 1
64421 0 1
64454 0 1
64510 0 1
64511 0 1
64514 0 1
64515 0 -1
64516 0 1
64517 0 1
64518 0 1
64520 0 1
64521 0 1
64536 0 1
64557 0 1
64558 0 1
64560 0 1
64561 0 1
64562 0 1
64622 0 1
64646 0 -1
64663 0 -1
64664 0 -1
64665 0 -1
64693 0 -1
64704 0 -1
64717 0 -1
64718 0 1
64720 0 -1
64721 0 -1
64764 0 -1
64766 0 -1
64768 0 -1
64789 0 -1
64801 0 -1
64828 0 -1
64829 0 -1
64830 0 -1
64831 0 -1
64832 0 -1
64833 0 -1
64835 0 -1
64857 0 -1
64858 0 -1
64861 0 -1
64863 0 -1
64864 0 -1
64867 0 -1
64868 0 -1
64879 0 -1
64886 0 -1
64887 0 -1
64889 0 -1
64890 0 -1
64908 0 -1
64909 0 -1
64936 0 -1
64937 0 -1
64939 0 -1
64941 0 -1
65133 0 -1
65153 0 -1
65171 0 -1
65187 0 -1
65199 0 -1
65200 0 -1
65201 0 -1
65202 0 -1
65203 0 -1
65227 0 -1
65232 0 -1
65248 0 -1
65250 0 -1
65252 0 -1
65278 0 -1
65281 0 -1
65282 0 -1
65335 0 -1
65380 0 -1
65381 0 -1
65382 0 -1
65383 0 -1
65384 0 -1
65385 0 -1
65395 0 -1
65396 0 -1
65397 0 -1
65398 0 -1
65399 0 -1
65400 0 -1
65402 0 -1
65403 0 1
65404 0 1
65406 0 1
65407 0 1
65408 0 1
65409 0 1
65411 0 1
65413 0 1
65414 0 -1
65415 0 1
65450 0 -1
65451 0 -1
65453 0 -1
65455 0 1
65460 0 1
65461 0 1
65465 0 1
65466 0 1
65467 0 1
65468 0 1
65480 0 1
65481 0 1
65487 0 1
65491 0 1
65492 1 1
65494 1 1
65504 1 1
65506 1 1
65508 1 -1
65510 1 -1
65512 1 1
65514 1 1
65515 1 1
65516 1 1
65518 1 1
65520 1 1
65522 1 1
65524 1 1
65526 1 1
65528 1 1
65530 1 1
65532 1 1
65534 1 1
65536 1 1
65540 1 1
65542 1 1
65551 1 1
65553 1 1
65555 1 1
65557 1 1
65558 1 1
65560 1 1
65562 1 1
65564 1 1
65566 1 1
65568 1 1
65571 1 1
65582 1 -1
65584 1 1
65592 1 1
65596 1 1
65598 1 1
65607 1 1
65608 1 1
65610 1 1
65612 1 1
65619 1 1
65621 1 1
65623 1 1
65624 1 1
65625 1 -1
65626 1 1
65628 1 1
65629 1 1
65630 1 1
65631 1 1
65633 1 1
65668 1 1
65670 1 1
65672 1 1
65674 1 1
65676 1 1
65678 1 1
65680 1 1
65685 1 1
65687 1 1
65689 1 1
65691 1 1
65695 1 1
65697 1 -1
65699 1 -1
65716 1 -1
65718 1 1
65720 1 1
65722 1 1
65724 1 1
65726 1 1
65727 1 1
65729 1 1
65730 1 1
65731 1 1
65735 1 1
65741 1 1
65743 1 1
65745 1 1
65749 1 1
65751 1 1
65754 1 1
65755 1 1
65760 1 1
65762 1 1
65768 1 1
65770 1 1
65772 1 1
65773 1 1
65774 1 1
65776 1 1
65778 1 1
65783 1 -1
65785 1 1
65787 1 -1
65789 1 -1
65791 1 -1
65793 1 -1
65795 1 1
65796 1 1
65797 1 -1
65798 1 1
65800 1 1
65801 1 -1
65803 1 1
65805 1 1
65808 1 1
65810 1 1
65812 1 1
65814 1 1
65816 1 1
65818 1 1
65822 1 1
65824 1 1
65826 1 1
65827 1 1
65831 1 1
65834 1 1
65836 1 -1
65840 1 1
65842 1 1
65843 1 0
65844 1 0
65846 1 0
65848 1 0
65852 1 0
65854 1 0
65856 1 0
65858 1 0
65860 1 0
65862 1 0
65864 1 0
65866 1 0
65868 1 0
65870 1 0
65872 1 0
65874 1 0
65875 1 0
65876 1 0
65879 1 0
65881 1 0
65885 1 0
65887 1 0
65889 1 0
65891 1 0
65893 1 0
65901 1 0
65903 1 0
65905 1 0
65907 1 0
65909 1 0
65911 1 0
65919 1 0
65921 1 0
65923 1 0
65925 1 0
65927 1 0
65928 1 0
65929 1 0
65931 1 0
65933 1 0
65935 1 0
65937 1 0
65939 1 0
65941 1 0
65942 1 0
65944 1 0
65946 1 0
65961 1 0
65962 1 0
65963 1 0
65964 1 0
65965 1 0
65966 1 0
65967 1 0
65968 1 0
65969 1 0
65970 1 0
65972 1 0
65973 1 0
65979 1 0
65980 1 0
65981 1 0
65982 1 0
65983 1 0
65984 1 0
65986 1 0
65994 1 0
65995 1 0
65999 1 0
66001 1 -1
66002 1 -1
66006 1 -1
66011 1 -1
66012 1 -1
66014 1 -1
66025 1 -1
66027 1 -1
66034 1 -1
66036 1 -1
66037 1 -1
66038 1 -1
66040 1 -1
66042 1 -1
66044 1 -1
66047 1 -1
66049 1 0
66053 1 0
66055 1 0
66057 1 0
66059 1 0
66065 1 0
66073 1 0
66075 1 -1
66087 1 0
66089 1 0
66091 1 0
66092 1 0
66093 1 0
66094 1 0
66095 1 0
66096 1 0
66097 1 0
66098 1 -1
66100 1 -1
66102 1 0
66103 1 0
66106 1 0
66113 1 0
66114 1 0
66115 1 0
66116 1 0
66117 1 0
66118 1 0
66119 1 0
66120 1 0
66121 1 0
66122 1 0
66123 1 0
66132 1 0
66145 1 0
66146 1 0
66147 1 0
66148 1 0
66149 1 0
66150 1 0
66151 1 0
66152 1 0
66153 1 0
66154 1 0
66155 1 -1
66156 1 -1
66157 1 -1
66158 1 -1
66160 1 -1
66162 1 -1
66163 1 -1
66164 1 -1
66165 1 -1
66170 1 -1
66171 1 -1
66172 1 -1
66173 1 -1
66174 1 -1
66176 1 -1
66179 1 -1
66184 1 -1
66185 1 -1
66186 1 -1
66187 1 -1
66188 1 -1
66189 1 0
66190 1 0
66192 1 -1
66196 1 0
66202 1 0
66203 1 -1
66204 1 -1
66205 1 -1
66207 1 -1
66218 1 0
66222 1 0
66223 1 0
66226 1 0
66227 1 0
66228 1 0
66229 1 0
66230 1 0
66241 1 0
66243 1 0
66245 1 0
66247 1 0
66249 1 0
66250 1 0
66251 1 0
66252 1 0
66253 1 0
66254 1 0
66255 1 0
66256 1 0
66257 1 0
66258 1 0
66259 1 0
66260 1 0
66263 1 0
66264 1 0
66266 1 0
66271 1 0
66273 1 0
66274 1 0
66275 1 0
66277 1 0
66278 1 0
66279 1 0
66280 1 0
66281 1 0
66282 1 0
66283 1 0
66284 1 0
66285 1 0
66287 1 0
66289 1 0
66290 1 0
66292 1 0
66293 1 0
66294 1 0
66295 1 0
66296 1 -1
66303 1 -1
66304 1 -1
66305 1 -1
66307 1 -1
66311 1 -1
66313 1 -1
66315 1 -1
66317 1 -1
66319 1 -1
66323 1 -1
66325 1 0
66327 1 0
66329 1 0
66331 1 0
66333 1 0
66335 1 0
66336 1 0
66344 1 0
66346 1 0
66348 1 0
66349 1 -1
66350 1 0
66352 1 0
66354 1 0
66356 1 0
66412 1 0
66413 1 0
66414 1 0
66415 1 0
66416 1 0
66417 1 0
66418 1 0
66420 1 0
66421 1 -1
66422 1 0
66423 1 0
66424 1 0
66425 1 -1
66426 1 0
66429 1 0
66433 1 0
66434 1 -1
66435 1 0
66437 1 0
66438 1 -1
66439 1 0
66440 1 -1
66441 1 0
66442 1 0
66444 1 0
66445 1 -1
66446 1 0
66447 1 -1
66448 1 0
66449 1 -1
66451 1 0
66453 1 0
66454 1 -1
66455 1 0
66456 1 -1
66457 1 0
66458 1 -1
66459 1 0
66461 1 0
66463 1 0
66465 1 0
66467 1 0
66468 1 0
66470 1 0
66472 1 0
66473 1 0
66475 1 0
66477 1 0
66479 1 0
66483 1 0
66485 1 0
66487 1 0
66489 1 0
66491 1 0
66493 1 0
66494 1 0
66496 1 0
66498 1 0
66499 1 0
66501 1 0
66504 1 0
66505 1 0
66507 1 0
66508 1 0
66509 1 0
66512 1 0
66513 1 0
66514 1 0
66515 1 0
66517 1 0
66518 1 0
66519 1 0
66520 1 0
66521 1 0
66522 1 0
66523 1 0
66525 1 -1
66527 1 -1
66540 1 -1
66542 1 -1
66544 1 0
66545 1 -1
66546 1 -1
66547 1 -1
66548 1 -1
66550 1 -1
66552 1 0
66553 1 0
66554 1 0
66555 1 0
66556 1 0
66563 1 0
66572 1 0
66573 1 0
66578 1 0
66579 1 0
66580 1 0
66581 1 0
66582 1 0
66583 1 0
66585 1 0
66586 1 0
66587 1 0
66588 1 0
66589 1 0
66590 1 0
66591 1 0
66592 1 0
66593 1 0
66594 1 0
66595 1 0
66596 1 0
66597 1 0
66598 1 0
66599 1 -1
66600 1 0
66601 1 0
66602 1 0
66603 1 0
66605 1 0
66606 1 0
66607 1 0
66608 1 0
66610 1 -1
66611 1 -1
66612 1 -1
66613 1 -1
66621 1 -1
66623 1 -1
66624 1 -1
66650 1 -1
66653 1 -1
66654 1 -1
66655 1 -1
66656 1 -1
66657 1 -1
66658 1 -1
66660 1 0
66662 1 0
66664 1 0
66665 1 0
66666 1 0
66667 1 0
66668 1 0
66676 1 0
66678 1 0
66679 1 0
66680 1 0
66681 1 0
66682 1 0
66683 1 0
66684 1 0
66685 1 0
66686 1 0
66687 1 0
66688 1 0
66690 1 0
66691 1 0
66692 1 0
66693 1 0
66694 1 0
66695 1 0
66696 1 0
66697 1 0
66698 1 0
66699 1 0
66700 1 0
66701 1 0
66702 1 0
66703 1 0
66704 1 0
66705 1 0
66706 1 0
66707 1 0
66709 1 0
66719 1 0
66720 1 0
66721 1 0
66722 1 0
66723 1 0
66724 1 0
66725 1 0
66726 1 0
66727 1 0
66728 1 0
66729 1 0
66730 1 0
66731 1 0
66743 1 0
66745 1 0
66749 1 0
66759 1 0
66765 1 0
66766 1 0
66767 1 0
66769 1 0
66770 1 0
66771 1 0
66772 1 0
66774 1 0
66775 1 -1
66776 1 0
66777 1 0
66778 1 0
66779 1 0
66786 1 0
66788 1 0
66789 1 0
66794 1 0
66796 1 0
66797 1 0
66798 1 0
66799 1 0
66800 1 0
66802 1 0
66803 1 0
66804 1 0
66805 1 0
66807 1 0
66812 1 0
66814 1 0
66820 1 0
66822 1 0
66828 1 0
66829 1 0
66830 1 0
66831 1 0
66832 1 0
66834 1 0
66835 1 0
66837 1 0
66839 1 0
66841 1 0
66843 1 0
66846 1 0
66850 1 0
66851 1 0
66852 1 0
66853 1 0
66856 1 0
66857 1 0
66859 1 0
66860 1 0
66896 1 0
66897 1 0
66898 1 0
66899 1 0
66900 1 0
66901 1 0
66902 1 0
66903 1 0
66904 1 0
66910 1 0
66911 1 0
66916 1 0
66917 1 0
66918 1 0
66919 1 0
66920 1 0
66921 1 0
66922 1 0
66923 1 0
66924 1 0
66925 1 0
66926 1 0
66927 1 0
66928 1 0
66929 1 0
66930 1 0
66931 1 0
66932 1 0
66933 1 0
66934 1 0
66935 1 0
66936 1 0
66937 1 0
66938 1 0
66939 1 0
66940 1 0
66941 1 0
66942 1 0
66943 1 0
66944 1 0
66945 1 0
66946 1 0
66947 1 1
66948 1 1
66952 1 1
66954 1 1
66955 1 1
66956 1 1
66968 1 -1
66970 1 -1
66971 1 -1
66972 1 -1
66973 1 -1
66983 1 -1
66984 1 -1
66987 1 -1
66989 1 -1
66990 1 -1
66991 1 -1
66992 1 -1
66993 1 -1
66994 1 -1
66995 1 -1
66996 1 -1
66999 1 -1
67001 1 -1
67002 1 -1
67006 1 -1
67020 1 -1
67026 1 -1
67027 1 -1
67039 1 -1
67041 1 -1
67042 1 -1
67043 1 -1
67044 1 -1
67049 1 -1
67051 1 -1
67052 1 -1
67053 1 -1
67054 1 -1
67062 1 -1
67063 1 -1
67066 1 -1
67068 1 -1
67069 1 -1
67070 1 -1
67071 1 -1
67073 1 -1
67074 1 -1
67075 1 -1
67076 1 -1
67077 1 -1
67078 1 -1
67083 1 -1
67158 1 -1
67166 1 -1
67173 1 -1
67175 1 -1
67176 1 -1
67177 1 -1
67265 1 -1
67279 1 -1
67280 1 -1
67281 1 -1
67299 1 -1
67325 1 -1
67345 1 -1
67346 1 -1
67347 1 -1
67349 1 -1
67350 1 -1
67354 1 -1
67356 1 -1
67358 1 -1
67359 1 -1
67360 1 -1
67361 1 -1
67362 1 -1
67363 1 -1
67365 1 -1
67366 1 -1
67369 1 -1
67371 1 -1
67372 1 -1
67380 1 -1
67381 1 -1
67382 1 -1
67383 1 -1
67384 1 -1
67385 1 1
67386 1 1
67387 1 1
67388 1 -1
67391 1 -1
67392 1 1
67394 1 1
67396 1 1
67397 1 1
67398 1 1
67400 1 1
67403 1 1
67404 1 1
67405 1 1
67406 1 -1
67407 1 -1
67408 1 -1
67409 1 -1
67410 1 -1
67418 2 -1
67420 2 -1
67423 2 -1
67424 2 -1
67425 2 -1
67429 2 1
67430 2 1
67447 2 -1
67448 2 -1
67449 2 -1
67450 2 -1
67461 2 -1
67462 2 -1
67523 2 -1
67524 2 -1
67525 2 -1
67526 2 -1
67527 2 -1
67530 2 -1
67533 2 1
67534 2 1
67536 2 1
67539 2 1
67542 2 1
67544 2 1
67545 2 1
67550 2 1
67552 2 1
67553 2 1
67554 2 1
67555 2 1
67563 2 1
67564 2 1
67565 2 1
67566 2 1
67567 2 1
67568 2 1
67570 2 1
67571 2 -1
67582 2 -1
67591 2 -1
67592 2 1
67593 2 -1
67595 2 1
67596 2 1
67597 2 1
67599 2 1
67600 2 -1
67601 2 -1
67602 2 -1
67603 2 -1
67605 2 1
67606 2 1
67607 2 1
67608 2 -1
67609 2 1
67610 2 1
67611 2 1
67612 2 1
67614 2 1
67616 2 1
67621 2 1
67644 2 1
67646 2 1
67648 2 -1
67732 2 1
67733 2 1
67737 2 1
67739 2 1
67747 2 1
67749 2 1
67750 2 1
67757 2 1
67758 2 1
67759 2 1
67760 2 1
67761 2 1
67762 2 1
67763 2 1
67765 2 1
67767 2 1
67768 2 1
67769 2 1
67771 2 1
67772 2 -1
67773 2 -1
67774 2 1
67775 2 1
67780 2 1
67782 2 1
67783 2 1
67784 2 1
67785 2 1
67792 2 1
67793 2 1
67794 2 1
67801 2 1
67802 2 1
67803 2 1
67804 2 1
67805 2 1
67806 2 1
67807 2 1
67808 2 1
67809 2 1
67810 2 1
67811 2 1
67812 2 1
67813 2 1
67814 2 1
67815 2 1
67816 2 1
67817 2 1
67834 2 1
67835 2 1
67836 2 1
67837 2 1
67838 2 -1
67841 2 1
67842 2 1
67843 2 1
67845 2 1
67846 2 1
67847 2 1
67848 2 1
67850 2 1
67851 2 1
67868 2 1
67869 2 1
67870 2 1
67873 2 0
67874 2 0
67875 2 0
67876 2 0
67877 2 0
67878 2 0
67882 2 0
67884 2 0
67885 2 0
67886 2 0
67887 2 0
67889 2 0
67890 2 0
67891 2 0
67892 2 0
67893 2 0
67894 2 0
67896 2 0
67898 2 0
67899 2 0
67900 2 0
67907 2 0
67908 2 0
67909 2 0
67910 2 0
67920 2 0
67921 2 0
67924 2 0
67925 2 0
67926 2 0
67927 2 0
67928 2 0
67929 2 0
67930 2 0
67931 2 0
67932 2 0
67933 2 0
67934 2 0
67938 2 0
67939 2 0
67940 2 0
67941 2 0
67942 2 0
67943 2 0
67944 2 0
67948 2 0
67949 2 0
67950 2 0
67952 2 0
67953 2 0
67954 2 0
67955 2 0
67956 2 0
67957 2 0
67958 2 0
67959 2 0
67960 2 0
67962 2 0
67963 2 0
67964 2 0
67965 2 0
67966 2 0
67967 2 0
67968 2 0
67969 2 0
67970 2 0
67971 2 0
67972 2 0
67973 2 0
67977 2 0
67978 2 0
67983 2 0
67992 2 0
67993 2 0
67995 2 0
67996 2 -1
67998 2 -1
67999 2 -1
68010 2 0
68011 2 0
68012 2 0
68013 2 0
68014 2 0
68015 2 0
68016 2 0
68024 2 0
68025 2 0
68026 2 0
68028 2 0
68029 2 0
68031 2 0
68032 2 0
68033 2 0
68034 2 -1
68035 2 -1
68037 2 0
68038 2 0
68039 2 0
68040 2 0
68041 2 0
68042 2 0
68043 2 0
68044 2 0
68045 2 0
68046 2 0
68047 2 0
68048 2 0
68049 2 0
68050 2 0
68051 2 0
68052 2 0
68053 2 0
68054 2 0
68055 2 0
68056 2 0
68057 2 0
68058 2 0
68059 2 0
68060 2 0
68061 2 0
68062 2 0
68075 2 0
68076 2 0
68077 2 0
68078 2 0
68079 2 0
68080 2 0
68082 2 0
68083 2 0
68085 2 0
68086 2 0
68088 2 0
68091 2 0
68092 2 0
68093 2 0
68094 2 0
68095 2 0
68096 2 0
68097 2 0
68098 2 0
68099 2 0
68101 2 0
68102 2 0
68103 2 0
68105 2 0
68109 2 0
68110 2 0
68111 2 0
68112 2 0
68113 2 0
68114 2 0
68117 2 0
68118 2 0
68120 2 0
68121 2 0
68122 2 0
68123 2 0
68124 2 0
68125 2 0
68136 2 0
68137 2 0
68138 2 0
68139 2 0
68140 2 0
68141 2 0
68142 2 0
68143 2 0
68144 2 0
68145 2 0
68146 2 0
68147 2 0
68148 2 0
68164 2 0
68165 2 0
68166 2 0
68167 2 0
68168 2 0
68169 2 0
68170 2 0
68172 2 0
68174 2 0
68175 2 0
68176 2 0
68180 2 0
68182 2 0
68194 2 0
68195 2 0
68197 2 0
68200 2 0
68201 2 0
68202 2 0
68203 2 0
68204 2 0
68205 2 0
68206 2 0
68207 2 0
68208 2 0
68209 2 0
68210 2 0
68212 2 -1
68213 2 -1
68214 2 -1
68215 2 -1
68216 2 -1
68217 2 -1
68218 2 -1
68219 2 -1
68222 2 -1
68223 2 -1
68224 2 -1
68225 2 -1
68226 2 -1
68227 2 -1
68236 2 -1
68237 2 -1
68238 2 -1
68240 2 -1
68249 2 -1
68251 2 -1
68252 2 -1
68253 2 -1
68254 2 -1
68255 2 -1
68256 2 -1
68257 2 -1
68258 2 -1
68259 2 -1
68261 2 -1
68262 2 -1
68264 2 -1
68265 2 -1
68266 2 -1
68267 2 -1
68268 2 -1
68269 2 -1
68270 2 -1
68271 2 -1
68272 2 -1
68273 2 -1
68274 2 -1
68275 2 -1
68276 2 -1
68277 2 -1
68278 2 -1
68279 2 -1
68280 2 -1
68282 2 -1
68283 2 -1
68284 2 -1
68287 2 -1
68288 2 -1
68289 2 -1
68290 2 -1
68291 2 -1
68292 2 -1
68293 2 -1
68294 2 -1
68295 2 -1
68296 2 -1
68297 2 -1
68298 2 -1
68299 2 -1
68300 2 -1
68301 2 -1
68320 2 -1
68321 2 -1
68322 2 -1
68336 2 -1
68350 2 -1
68364 2 -1
68365 2 -1
68366 2 -1
68367 2 -1
68368 2 -1
68369 2 -1
68370 2 -1
68371 2 -1
68372 2 -1
68373 2 -1
68374 2 -1
68375 2 -1
68376 2 -1
68384 2 -1
68386 2 -1
68387 2 -1
68389 2 -1
68391 2 -1
68392 2 -1
68398 2 -1
68405 2 -1
68406 2 -1
68409 2 -1
68410 2 -1
68411 2 -1
68412 2 -1
68413 2 -1
68415 2 -1
68416 2 -1
68417 2 -1
68418 2 -1
68419 2 -1
68420 2 -1
68421 2 -1
68423 2 -1
68424 2 -1
68426 2 -1
68427 2 -1
68428 2 -1
68429 2 -1
68430 2 -1
68431 2 -1
68432 2 -1
68433 2 -1
68436 2 -1
68438 2 -1
68439 2 -1
68440 2 -1
68446 2 -1
68450 2 -1
68453 2 -1
68454 2 -1
68455 2 -1
68456 2 -1
68457 2 -1
68458 2 -1
68460 2 -1
68461 2 -1
68462 2 -1
68472 2 -1
68473 2 -1
68474 2 -1
68475 2 -1
68485 2 -1
68486 2 -1
68487 2 -1
68488 2 -1
68489 2 -1
68490 2 -1
68491 2 -1
68492 2 -1
68493 2 -1
68502 2 -1
68514 2 -1
68515 2 -1
68516 2 -1
68517 2 -1
68518 2 -1
68519 2 -1
68520 2 -1
68524 2 -1
68525 2 -1
68526 2 -1
68527 2 -1
68528 2 -1
68529 2 -1
68530 2 -1
68531 2 -1
68532 2 -1
68533 2 -1
68541 2 -1
68546 2 -1
68547 2 -1
68548 2 -1
68549 2 -1
68550 2 -1
68551 2 -1
68553 2 -1
68554 2 -1
68556 2 -1
68558 2 -1
68559 2 -1
68560 2 -1
68563 2 -1
68564 2 -1
68565 2 -1
68573 2 -1
68579 2 -1
68580 2 -1
68581 2 -1
68582 2 -1
68607 2 -1
68608 2 -1
68609 2 -1
68636 2 -1
68638 2 -1
68640 2 -1
68641 2 -1
68642 2 -1
68643 2 -1
68644 3 -1
68645 3 -1
68647 3 -1
68648 3 -1
68659 3 -1
68660 3 -1
68661 3 -1
68665 3 -1
68666 3 -1
68667 3 -1
68668 3 -1
68670 3 -1
68671 3 -1
68746 3 -1
68747 3 -1
68749 3 -1
68757 3 -1
68763 3 -1
68764 3 -1
68765 3 -1
68766 3 -1
68767 3 -1
68768 3 -1
68769 3 -1
68806 3 -1
68814 3 -1
68843 3 -1
68844 3 -1
68845 3 -1
68861 3 -1
68875 3 -1
68881 3 -1
68882 3 -1
68883 3 -1
68884 3 -1
68885 3 -1
68886 3 -1
68887 3 -1
68888 3 -1
68971 3 -1
68972 3 -1
68974 3 -1
68975 3 -1
68976 3 -1
68977 3 -1
68979 3 -1
68980 3 -1
68981 3 -1
68982 3 -1
68984 3 -1
68985 3 -1
68986 3 -1
68987 3 -1
68988 3 -1
68989 3 -1
68990 3 -1
68994 3 1
68999 3 1
69007 3 1
69008 3 1
69009 3 1
69010 3 1
69015 3 1
69023 3 1
69026 3 1
69028 3 1
69029 3 1
69031 3 1
69033 3 -1
69034 3 -1
69035 3 -1
69037 3 -1
69038 3 -1
69039 3 -1
69040 3 -1
69049 3 -1
69051 3 -1
69052 3 -1
69056 3 -1
69069 3 1
69071 3 1
69072 3 -1
69073 3 -1
69080 3 -1
69081 3 -1
69082 3 -1
69088 3 1
69090 3 1
69092 3 1
69093 3 1
69094 3 1
69095 3 1
69096 3 1
69104 3 1
69108 3 1
69109 3 1
69110 3 1
69113 3 1
69114 3 1
69115 3 1
69116 3 1
69132 3 1
69133 3 1
69146 3 1
69153 3 1
69154 3 1
69155 3 1
69156 3 1
69158 3 1
69159 3 1
69161 3 1
69162 3 1
69163 3 1
69164 3 1
69165 3 1
69166 3 1
69167 3 1
69168 3 1
69169 3 1
69176 3 1
69177 3 1
69206 3 1
69207 3 1
69208 3 1
69209 3 1
69211 3 1
69222 3 1
69223 3 1
69242 3 1
69252 3 1
69253 3 1
69254 3 -1
69255 3 -1
69256 3 -1
69257 3 -1
69258 3 -1
69259 3 -1
69261 3 -1
69264 3 -1
69265 3 -1
69307 3 1
69314 3 1
69325 3 1
69326 3 1
69327 3 1
69336 3 1
69342 3 1
69344 3 1
69346 3 1
69347 3 1
69348 3 1
69349 3 1
69350 3 1
69351 3 1
69352 3 1
69353 3 1
69354 3 1
69355 3 1
69356 3 1
69365 3 1
69366 3 1
69367 3 1
69368 3 1
69369 3 1
69378 3 1
69379 3 1
69380 3 -1
69381 3 -1
69382 3 -1
69386 3 -1
69387 3 -1
69388 3 -1
69389 3 -1
69390 3 -1
69392 3 -1
69393 3 -1
69394 3 -1
69395 3 -1
69396 3 -1
69397 3 -1
69398 3 -1
69400 3 -1
69402 3 -1
69403 3 -1
69404 3 -1
69405 3 -1
69408 3 -1
69410 3 -1
69419 3 -1
69420 3 -1
69421 3 -1
69427 3 -1
69428 3 -1
69433 3 -1
69442 3 -1
69444 3 -1
69445 3 -1
69447 3 -1
69448 3 -1
69449 3 -1
69477 3 -1
69485 3 1
69486 3 1
69487 3 1
69489 3 0
69491 3 0
69511 3 0
69519 3 0
69523 3 0
69542 3 0
69543 3 0
69544 3 0
69545 3 0
69547 3 0
69548 3 0
69549 3 0
69550 3 0
69551 3 0
69552 3 0
69553 3 0
69554 3 0
69555 3 0
69556 3 0
69557 3 0
69558 3 0
69562 3 0
69563 3 0
69564 3 0
69565 3 0
69566 3 0
69567 3 0
69568 3 0
69569 3 0
69570 3 0
69572 3 0
69573 3 0
69574 3 0
69575 3 0
69576 3 0
69577 3 -1
69578 3 0
69579 3 0
69580 3 0
69581 3 0
69582 3 0
69583 3 0
69584 3 0
69585 3 0
69586 3 0
69592 3 0
69600 3 0
69601 3 0
69602 3 0
69603 3 0
69605 3 0
69606 3 0
69607 3 0
69610 3 0
69611 3 0
69612 3 0
69613 3 0
69614 3 0
69615 3 0
69616 3 0
69618 3 0
69620 3 0
69621 3 0
69622 3 0
69624 3 0
69625 3 0
69626 3 0
69627 3 0
69628 3 0
69629 3 0
69630 3 0
69631 3 0
69632 3 0
69633 3 0
69634 3 0
69635 3 0
69636 3 0
69637 3 0
69638 3 0
69639 3 0
69640 3 0
69641 3 0
69642 3 0
69643 3 0
69644 3 0
69645 3 0
69646 3 0
69647 3 0
69648 3 0
69674 3 0
69675 3 0
69676 3 0
69677 3 0
69678 3 0
69679 3 0
69680 3 0
69681 3 0
69682 3 0
69683 3 0
69684 3 0
69685 3 0
69686 3 0
69687 3 0
69688 3 0
69689 3 0
69690 3 0
69691 3 0
69692 3 0
69693 3 0
69694 3 0
69695 3 0
69696 3 0
69697 3 0
69699 3 0
69700 3 0
69701 3 0
69702 3 0
69703 3 0
69704 3 0
69705 3 0
69706 3 0
69707 3 0
69708 3 0
69709 3 0
69710 3 0
69711 3 0
69712 3 0
69713 3 0
69714 3 0
69715 3 0
69716 3 0
69717 3 0
69718 3 0
69719 3 0
69720 3 0
69724 3 0
69725 3 0
69726 3 0
69734 3 0
69735 3 0
69736 3 0
69737 3 0
69738 3 0
69739 3 0
69740 3 0
69741 3 0
69742 3 0
69743 3 0
69744 3 0
69745 3 0
69746 3 0
69747 3 0
69748 3 0
69749 3 0
69750 3 0
69751 3 0
69752 3 0
69753 3 0
69754 3 0
69755 3 -1
69756 3 -1
69758 3 1
69759 3 1
69760 3 1
69761 3 1
69762 3 1
69763 3 1
69764 3 1
69765 3 1
69766 3 1
69768 3 1
69771 3 1
69772 3 1
69773 3 1
69774 3 1
69775 3 1
69776 3 -1
69777 3 -1
69778 3 -1
69779 3 1
69780 3 1
69798 3 1
69799 3 1
69800 3 1
69802 3 1
69803 3 1
69804 3 1
69805 3 1
69806 3 1
69807 3 1
69808 3 -1
69809 3 -1
69810 3 -1
69811 3 -1
69812 3 -1
69818 3 -1
69819 3 -1
69820 3 -1
69821 3 -1
69822 3 -1
69823 3 -1
69824 3 -1
69825 3 -1
69826 3 -1
69832 3 -1
69834 3 -1
69835 3 -1
69837 3 -1
69838 3 -1
69839 3 -1
69840 3 -1
69841 3 -1
69859 3 -1
69860 3 -1
69871 3 -1
69875 3 -1
69876 3 -1
69877 3 -1
69886 3 -1
69887 3 -1
69888 3 -1
69915 3 -1
70092 3 -1
70109 3 -1
70110 3 -1
70111 3 -1
70128 3 -1
70147 4 -1
70176 4 -1
70182 4 -1
70183 4 -1
70185 4 -1
70186 4 -1
70187 4 -1
70189 4 -1
70190 4 -1
70191 4 -1
70192 4 -1
70193 4 -1
70194 4 -1
70295 4 -1
70298 4 -1
70299 4 -1
70302 4 -1
70303 4 -1
70304 4 -1
70306 4 -1
70308 4 -1
70310 4 -1
70311 4 -1
70312 4 -1
70313 4 -1
70315 4 -1
70316 4 -1
70317 4 -1
70318 4 -1
70324 4 -1
70327 4 -1
70328 4 -1
70329 4 -1
70330 4 -1
70331 4 -1
70332 4 -1
70333 4 -1
70337 4 -1
70340 4 -1
70349 4 -1
70354 4 -1
70355 4 -1
70357 4 -1
70358 4 -1
70360 4 -1
70368 4 -1
70369 4 -1
70370 4 -1
70373 4 -1
70376 4 -1
70379 4 -1
70380 4 -1
70382 4 -1
70383 4 -1
70384 4 -1
70388 4 -1
70389 4 -1
70390 4 -1
70391 4 -1
70392 4 -1
70394 4 -1
70399 4 -1
70403 4 -1
70410 4 -1
70411 4 -1
70417 4 -1
70418 4 -1
70434 4 -1
70457 4 -1
70468 4 -1
70469 4 -1
70473 4 -1
70474 4 -1
70480 4 1
70481 4 1
70482 4 1
70483 4 1
70484 4 -1
70486 4 1
70499 4 1
70500 4 1
70509 4 1
70510 4 -1
70512 4 1
70513 4 1
70515 4 -1
70521 4 1
70522 4 1
70523 4 0
70524 4 0
70525 4 0
70538 4 0
70544 4 0
70548 4 0
70549 4 0
70550 4 0
70557 4 0
70558 4 0
70561 4 0
70581 4 0
70582 4 0
70583 4 0
70584 4 0
70585 4 0
70586 4 0
70587 4 0
70588 4 0
70589 4 0
70591 4 0
70592 4 0
70593 4 0
70594 4 0
70595 4 0
70601 4 0
70602 4 0
70603 4 0
70608 4 0
70609 4 0
70610 4 0
70611 4 0
70612 4 0
70613 4 0
70614 4 0
70615 4 0
70618 4 0
70619 4 0
70620 4 0
70628 4 0
70635 4 0
70636 4 0
70637 4 0
70639 4 0
70643 4 0
70645 4 0
70654 4 0
70656 4 0
70657 4 0
70666 4 0
70667 4 0
70668 4 0
70669 4 0
70670 4 0
70671 4 0
70672 4 0
70673 4 0
70674 4 0
70675 4 0
70676 4 0
70677 4 0
70678 4 0
70679 4 0
70681 4 0
70684 4 0
70685 4 0
70689 4 0
70690 4 0
70691 4 0
70692 4 0
70694 4 0
70695 4 0
70697 4 0
70698 4 0
70701 4 0
70702 4 0
70703 4 0
70704 4 0
70706 4 0
70707 4 0
70708 4 0
70709 4 0
70710 4 0
70711 4 0
70713 4 0
70715 4 0
70716 4 0
70717 4 0
70718 4 0
70720 4 0
70721 4 0
70722 4 0
70724 4 0
70725 4 0
70727 4 0
70728 4 0
70729 4 0
70730 4 0
70733 4 0
70734 4 -1
70744 4 -1
70746 4 -1
70747 4 -1
70748 4 -1
70749 4 -1
70765 4 -1
70767 4 -1
70768 4 -1
70778 4 -1
70779 4 -1
70780 4 -1
70781 4 -1
70782 4 -1
70783 4 -1
70784 4 -1
70785 4 -1
70786 4 -1
70787 4 -1
70788 4 -1
70789 4 -1
70790 4 -1
70791 4 -1
70792 4 -1
70796 4 -1
70797 4 -1
70798 4 -1
70799 4 -1
70806 4 -1
70807 4 -1
70808 4 -1
70815 4 -1
70825 4 0
70827 4 0
70829 4 0
70830 4 0
70831 4 0
70832 4 0
70833 4 0
70834 4 0
70835 4 0
70836 4 0
70837 4 0
70839 4 0
70840 4 0
70841 4 0
70842 4 0
70843 4 0
70844 4 0
70845 4 0
70846 4 0
70848 4 0
70849 4 0
70850 4 0
70851 4 0
70852 4 0
70853 4 0
70854 4 0
70855 4 0
70856 4 0
70857 4 0
70858 4 0
70860 4 0
70861 4 0
70862 4 0
70863 4 0
70864 4 0
70865 4 0
70867 4 0
70868 4 0
70869 4 0
70870 4 0
70871 4 0
70872 4 0
70874 4 0
70875 4 0
70876 4 0
70877 4 0
70878 4 0
70880 4 0
70881 4 0
70882 4 0
70887 4 0
70888 4 0
70889 4 0
70900 4 0
70901 4 0
70902 4 0
70903 4 0
70904 4 0
70905 4 0
70906 4 0
70907 4 0
70908 4 0
70909 4 0
70910 4 0
70911 4 0
70912 4 0
70913 4 0
70914 4 0
70915 4 0
70916 4 0
70917 4 0
70918 4 -1
70920 4 0
70923 4 0
70938 4 0
70940 4 0
70944 4 0
70945 4 0
70946 4 0
70950 4 0
70963 4 0
70964 4 0
70968 4 0
70969 4 0
70970 4 0
70984 4 0
70985 4 0
70986 4 0
70987 4 0
70988 4 0
70989 4 0
70990 4 0
70994 4 0
71015 4 0
71016 4 0
71017 4 0
71018 4 0
71041 4 0
71042 4 0
71043 4 0
71044 4 0
71045 4 0
71047 4 0
71049 4 0
71057 4 0
71058 4 0
71059 4 0
71060 4 0
71061 4 0
71062 4 0
71065 4 0
71066 4 0
71067 4 0
71068 4 0
71070 4 0
71071 4 0
71072 4 0
71073 4 0
71074 4 0
71075 4 0
71101 4 0
71103 4 0
71105 4 0
71112 4 0
71114 4 0
71119 4 0
71120 4 0
71123 4 0
71124 4 0
71125 4 0
71126 4 0
71127 4 0
71140 4 0
71143 4 0
71145 4 0
71153 4 0
71155 4 0
71156 4 0
71174 4 0
71181 4 0
71183 4 0
71190 4 0
71192 4 0
71202 4 0
71205 4 0
71216 4 0
71239 4 0
71240 4 0
71241 4 0
71242 4 0
71243 4 0
71244 4 0
71245 4 0
71246 4 0
71247 4 1
71248 4 1
71249 4 1
71250 4 1
71266 4 1
71284 4 1
71298 4 1
71299 4 1
71300 4 1
71301 4 1
71303 4 1
71304 4 1
71305 4 1
71306 4 1
71310 4 1
71311 4 1
71312 4 1
71320 4 1
71321 4 1
71327 4 1
71335 4 1
71336 4 1
71337 4 1
71338 4 1
71341 4 1
71342 4 1
71343 4 -1
71344 4 -1
71345 4 -1
71346 4 -1
71347 4 -1
71349 4 -1
71359 4 -1
71360 4 -1
71389 4 -1
71395 4 -1
71398 4 -1
71404 4 -1
71412 4 1
71413 4 1
71414 4 1
71415 4 1
71416 4 1
71417 4 1
71418 4 1
71419 4 1
71420 4 1
71421 4 1
71423 4 1
71427 4 1
71430 4 1
71431 4 1
71432 4 1
71433 4 1
71437 4 1
71438 4 1
71439 4 1
71440 4 1
71441 4 1
71442 4 1
71443 4 1
71444 4 1
71445 4 1
71446 4 1
71447 4 1
71449 4 1
71450 4 1
71451 4 1
71452 4 1
71453 4 1
71454 4 1
71455 4 1
71456 4 1
71457 4 1
71458 4 1
71459 4 1
71460 4 1
71461 4 1
71463 4 1
71476 4 1
71477 4 1
71478 4 1
71479 4 1
71482 4 1
71483 4 1
71484 4 1
71485 4 1
71486 4 1
71487 4 1
71488 4 1
71492 4 1
71493 4 1
71494 4 1
71495 4 1
71496 4 1
71506 4 1
71570 4 1
71589 4 1
71612 4 1
71625 4 1
71671 4 1
71674 4 1
71677 5 1
71683 5 1
71770 5 1
71796 5 1
71806 5 1
71818 5 1
71821 5 1
71822 5 1
71825 5 1
71826 5 1
71832 5 1
71833 5 1
71834 5 1
71835 5 1
71836 5 1
71837 5 1
71838 5 1
71839 5 1
71840 5 1
71841 5 1
71843 5 1
71844 5 1
71845 5 1
71847 5 1
71848 5 1
71849 5 1
71850 5 1
71852 5 -1
71853 5 -1
71854 5 -1
71855 5 -1
71856 5 -1
71857 5 -1
71861 5 -1
71863 5 -1
71865 5 -1
71866 5 -1
71868 5 -1
71881 5 -1
71883 5 -1
71884 5 -1
71886 5 -1
71887 5 -1
71889 5 -1
71890 5 -1
71892 5 -1
71895 5 1
71896 5 1
71897 5 1
71898 5 1
71899 5 1
71902 5 1
71903 5 1
71904 5 1
71907 5 1
71909 5 1
71911 5 1
71915 5 1
71928 5 1
71942 5 1
71950 5 1
71951 5 1
71952 5 1
71953 5 1
71954 5 1
71955 5 1
71956 5 1
71957 5 1
71958 5 1
71959 5 1
71960 5 1
71961 5 1
71962 5 1
71966 5 1
71967 5 1
71969 5 1
71971 5 1
71979 5 1
72012 5 1
72013 5 1
72015 5 1
72016 5 1
72017 5 1
72019 5 1
72021 5 1
72022 5 1
72024 5 1
72026 5 1
72031 5 1
72033 5 1
72034 5 1
72035 5 1
72040 5 1
72041 5 1
72045 5 1
72048 5 1
72049 5 1
72050 5 1
72051 5 1
72053 5 1
72055 5 1
72056 5 1
72067 5 1
72068 5 1
72069 5 1
72070 5 1
72071 5 1
72073 5 1
72074 5 1
72075 5 -1
72077 5 1
72078 5 1
72079 5 1
72080 5 1
72082 5 1
72083 5 1
72085 5 1
72087 5 1
72088 5 1
72090 5 1
72091 5 1
72093 5 1
72094 5 1
72105 5 1
72107 5 1
72108 5 1
72109 5 1
72110 5 1
72111 5 1
72112 5 1
72113 5 1
72114 5 1
72116 5 1
72118 5 1
72128 5 1
72129 5 1
72130 5 1
72140 5 1
72141 5 1
72142 5 1
72143 5 -1
72151 5 -1
72152 5 -1
72153 5 -1
72154 5 -1
72155 5 -1
72156 5 -1
72157 5 -1
72158 5 -1
72159 5 -1
72160 5 -1
72161 5 -1
72162 5 1
72164 5 1
72165 5 1
72166 5 1
72167 5 1
72170 5 1
72171 5 1
72172 5 1
72173 5 1
72174 5 1
72176 5 1
72177 5 1
72178 5 1
72179 5 1
72181 5 1
72183 5 1
72184 5 1
72187 5 1
72188 5 1
72191 5 1
72193 5 1
72206 5 1
72210 5 1
72214 5 1
72215 5 1
72216 5 1
72217 5 1
72218 5 1
72219 5 -1
72221 5 -1
72223 5 -1
72224 5 -1
72225 5 -1
72226 5 -1
72227 5 -1
72228 5 -1
72230 5 -1
72231 5 -1
72239 5 -1
72240 5 -1
72249 5 -1
72251 5 1
72252 5 1
72253 5 1
72254 5 1
72255 5 1
72256 5 1
72257 5 1
72260 5 1
72261 5 1
72262 5 1
72263 5 1
72273 5 1
72274 5 1
72276 5 1
72277 5 1
72278 5 1
72279 5 1
72280 5 1
72281 5 1
72283 5 1
72284 5 1
72285 5 1
72288 5 1
72296 5 1
72298 5 1
72300 5 1
72301 5 1
72303 5 1
72305 5 1
72306 5 1
72307 5 1
72308 5 1
72309 5 1
72311 5 1
72313 5 1
72315 5 1
72316 5 1
72317 5 1
72318 5 1
72319 5 1
72320 5 1
72321 5 1
72322 5 1
72325 5 1
72326 5 1
72330 5 1
72331 5 1
72333 5 1
72334 5 1
72343 5 1
72357 5 -1
72358 5 -1
72359 5 1
72360 5 1
72362 5 1
72363 5 1
72364 5 1
72365 5 1
72367 5 1
72368 5 1
72369 5 1
72370 5 1
72371 5 1
72372 5 1
72373 5 1
72374 5 1
72375 5 1
72376 5 1
72377 5 1
72378 5 1
72379 5 1
72380 5 1
72382 5 1
72390 5 1
72391 5 1
72392 5 1
72393 5 1
72394 5 1
72395 5 -1
72396 5 -1
72397 5 1
72398 5 1
72401 5 1
72403 5 1
72408 5 1
72413 5 -1
72414 5 -1
72415 5 -1
72417 5 -1
72419 5 -1
72420 5 -1
72438 5 1
72443 5 1
72457 5 1
72459 5 1
72475 5 1
72476 5 1
72477 5 1
72478 5 -1
72482 5 1
72483 5 1
72485 5 1
72486 5 1
72487 5 1
72488 5 1
72496 5 1
72497 5 1
72499 5 1
72500 5 1
72501 5 1
72502 5 1
72503 5 1
72504 5 1
72516 5 1
72541 5 1
72557 5 1
72558 5 1
72559 5 1
72560 5 1
72561 5 1
72562 5 1
72563 5 1
72565 5 1
72569 5 1
72570 5 1
72575 5 1
72576 5 1
72577 5 1
72582 5 1
72583 5 1
72584 5 1
72586 5 1
72587 5 1
72588 5 1
72589 5 1
72590 5 1
72591 5 1
72592 5 1
72593 5 1
72594 5 1
72595 5 1
72596 5 1
72597 5 1
72599 5 1
72609 5 1
72611 5 1
72619 5 1
72620 5 1
72621 5 1
72623 5 -1
72624 5 1
72625 5 1
72626 5 1
72627 5 1
72628 5 1
72630 5 1
72634 5 1
72638 5 1
72640 5 1
72644 5 1
72646 5 1
72647 5 1
72649 5 1
72652 5 1
72653 5 1
72654 5 1
72656 5 1
72658 5 1
72660 5 1
72661 5 1
72662 5 1
72663 5 1
72664 5 1
72665 5 1
72666 5 1
72667 5 1
72668 5 -1
72670 5 0
72674 5 0
72675 5 0
72693 5 0
72695 5 0
72707 5 0
72708 5 0
72709 5 0
72710 5 0
72711 5 0
72712 5 0
72713 5 0
72715 5 0
72716 5 0
72717 5 0
72718 5 0
72726 5 0
72728 5 0
72729 5 0
72730 5 0
72731 5 0
72732 5 0
72733 5 0
72734 5 0
72735 5 0
72736 5 0
72738 5 0
72739 5 0
72740 5 0
72741 5 0
72742 5 0
72743 5 0
72750 5 0
72751 5 0
72752 5 0
72753 5 0
72754 5 0
72755 5 0
72756 5 0
72757 5 0
72758 5 0
72759 5 0
72760 5 0
72761 5 0
72762 5 0
72763 5 0
72764 5 0
72765 5 0
72766 5 0
72767 5 0
72768 5 0
72769 5 1
72770 5 1
72772 5 1
72773 5 1
72774 5 1
72775 5 1
72788 5 1
72789 5 1
72794 5 1
72796 5 1
72797 5 1
72798 5 1
72799 5 1
72800 5 1
72801 5 1
72802 5 1
72803 5 -1
72807 5 -1
72808 5 -1
72809 5 -1
72810 5 -1
72811 5 -1
72814 5 -1
72815 5 -1
72816 5 -1
72820 5 -1
72829 5 -1
72830 5 -1
72831 5 -1
72832 5 -1
72833 5 -1
72834 5 -1
72835 5 -1
72836 6 -1
72838 6 -1
72845 6 -1
72846 6 -1
72847 6 -1
72848 6 -1
72849 6 -1
72850 6 -1
72851 6 -1
72852 6 -1
72853 6 -1
72854 6 -1
72855 6 -1
72856 6 -1
72864 6 -1
72865 6 -1
72866 6 -1
72867 6 -1
72868 6 -1
72869 6 -1
72874 6 -1
72876 6 -1
72881 6 -1
72882 6 -1
72883 6 -1
72893 6 -1
72894 6 -1
72895 6 -1
72896 6 -1
72898 6 -1
72899 6 -1
72900 6 -1
72904 6 -1
72905 6 -1
72906 6 -1
72907 6 -1
72911 6 -1
72912 6 -1
72913 6 -1
72914 6 -1
72915 6 -1
72917 6 -1
72926 6 -1
72927 6 -1
72939 6 -1
72959 6 -1
72960 6 -1
72968 6 -1
72970 6 -1
72971 6 -1
72972 6 -1
72974 6 -1
72975 6 -1
72976 6 -1
72977 6 -1
72978 6 -1
72980 6 -1
72981 6 -1
72982 6 -1
72988 6 -1
72989 6 -1
72990 6 -1
72991 6 -1
72992 6 -1
72993 6 -1
72994 6 -1
72995 6 -1
72996 6 -1
72997 6 -1
72998 6 -1
73000 6 -1
73001 6 -1
73002 6 -1
73003 6 -1
73004 6 -1
73005 6 -1
73007 6 -1
73011 6 -1
73014 6 -1
73015 6 -1
73016 6 -1
73017 6 -1
73019 6 -1
73027 6 -1
73030 6 -1
73031 6 -1
73032 6 -1
73035 6 -1
73036 6 -1
73037 6 -1
73042 6 -1
73044 6 -1
73045 6 -1
73051 6 -1
73053 6 -1
73054 6 -1
73059 6 -1
73066 6 -1
73067 6 -1
73068 6 1
73070 6 1
73073 6 1
73074 6 1
73075 6 1
73078 6 1
73080 6 1
73081 6 1
73082 6 1
73083 6 1
73086 6 1
73088 6 1
73091 6 1
73093 6 1
73100 6 1
73125 6 1
73126 6 1
73127 6 1
73128 6 1
73129 6 1
73131 6 1
73132 6 0
73133 6 0
73205 6 0
73221 6 0
73222 6 0
73223 6 0
73224 6 0
73226 6 0
73227 6 0
73232 6 0
73236 6 0
73237 6 0
73238 6 0
73239 6 0
73240 6 0
73242 6 0
73243 6 0
73244 6 0
73245 6 0
73256 6 0
73257 6 0
73259 6 0
73260 6 0
73261 6 0
73262 6 0
73263 6 0
73264 6 0
73269 6 0
73272 6 0
73286 6 0
73288 6 0
73289 6 0
73290 6 0
73291 6 0
73292 6 0
73296 6 0
73297 6 0
73300 6 0
73301 6 0
73302 6 0
73303 6 0
73304 6 0
73305 6 -1
73306 6 -1
73307 6 0
73308 6 0
73309 6 0
73313 6 0
73314 6 0
73315 6 0
73316 6 0
73317 6 0
73318 6 0
73319 6 0
73320 6 0
73321 6 0
73322 6 -1
73323 6 0
73324 6 0
73325 6 0
73326 6 0
73327 6 0
73329 6 0
73330 6 -1
73331 6 -1
73332 6 0
73333 6 0
73334 6 0
73338 6 0
73339 6 0
73341 6 0
73342 6 0
73343 6 0
73346 6 0
73347 6 0
73348 6 0
73356 6 0
73357 6 0
73358 6 0
73360 6 0
73361 6 0
73362 6 0
73363 6 0
73364 6 0
73365 6 0
73366 6 0
73367 6 0
73368 6 0
73369 6 0
73370 6 0
73371 6 0
73372 6 0
73373 6 0
73374 6 0
73375 6 0
73376 6 0
73377 6 0
73378 6 0
73382 6 0
73385 6 0
73387 6 0
73388 6 0
73396 6 0
73404 6 0
73413 6 0
73414 6 0
73415 6 0
73429 6 0
73430 6 0
73431 6 0
73432 6 0
73433 6 0
73436 6 0
73443 6 0
73444 6 0
73445 6 0
73446 6 0
73459 6 0
73463 6 0
73466 6 0
73467 6 0
73468 6 0
73469 6 0
73470 6 0
73471 6 0
73475 6 0
73476 6 0
73477 6 0
73478 6 0
73479 6 0
73480 6 0
73482 6 0
73484 6 0
73485 6 0
73486 6 0
73487 6 0
73488 6 0
73489 6 0
73490 6 0
73491 6 0
73492 6 0
73493 6 0
73501 6 0
73502 6 0
73503 6 0
73504 6 0
73505 6 0
73506 6 0
73507 6 0
73508 6 0
73509 6 0
73510 6 0
73511 6 0
73512 6 0
73513 6 0
73514 6 0
73515 6 0
73519 6 0
73520 6 0
73521 6 0
73523 6 0
73525 6 0
73526 6 0
73527 6 0
73528 6 0
73529 6 0
73530 6 0
73531 6 0
73532 6 0
73533 6 0
73534 6 0
73535 6 0
73536 6 0
73537 6 0
73538 6 0
73541 6 0
73542 6 0
73543 6 0
73544 6 0
73545 6 0
73546 6 0
73547 6 0
73548 6 0
73550 6 0
73551 6 0
73555 6 0
73556 6 0
73566 6 0
73567 6 0
73568 6 0
73570 6 0
73572 6 0
73578 6 0
73579 6 0
73580 6 0
73581 6 0
73583 6 0
73585 6 0
73586 6 0
73587 6 0
73589 6 0
73591 6 0
73592 6 0
73593 6 0
73595 6 0
73596 6 0
73597 6 0
73598 6 0
73599 6 0
73600 6 0
73601 6 0
73603 6 0
73604 6 0
73605 6 0
73606 6 0
73607 6 0
73608 6 0
73609 6 0
73610 6 0
73611 6 0
73620 6 0
73621 6 0
73622 6 0
73626 6 0
73627 6 0
73628 6 0
73631 6 0
73632 6 0
73633 6 0
73634 6 0
73635 6 0
73643 6 0
73644 6 0
73645 6 0
73646 6 0
73647 6 0
73648 6 0
73649 6 0
73650 6 0
73651 6 0
73653 6 0
73654 6 0
73655 6 0
73657 6 1
73658 6 1
73660 6 1
73661 6 1
73662 6 1
73663 6 1
73664 6 1
73665 6 1
73666 6 1
73667 6 1
73668 6 1
73669 6 1
73670 6 1
73671 6 1
73673 6 1
73674 6 1
73699 6 1
73701 6 1
73702 6 1
73703 6 1
73704 6 1
73705 6 1
73706 6 1
73707 6 1
73708 6 1
73709 6 1
73713 6 1
73715 6 1
73721 6 -1
73733 6 1
73734 6 1
73735 6 1
73737 6 1
73738 6 1
73739 6 1
73740 6 1
73741 6 1
73742 6 1
73744 6 1
73745 6 1
73746 6 1
73747 7 1
73748 7 -1
73749 7 -1
73750 7 -1
73751 7 -1
73752 7 -1
73753 7 -1
73755 7 -1
73759 7 -1
73763 7 -1
73789 7 -1
73790 7 -1
73814 7 -1
73836 7 -1
73839 7 -1
73840 7 -1
73841 7 -1
73842 7 -1
73843 7 -1
73844 7 -1
73845 7 -1
73846 7 -1
73885 7 -1
73886 7 -1
73887 7 -1
73888 7 -1
73889 7 -1
73890 7 -1
73891 7 -1
73892 7 -1
73893 7 -1
73894 7 -1
73895 7 -1
73896 7 -1
73898 7 -1
73899 7 -1
73900 7 -1
73901 7 -1
73902 7 -1
73903 7 -1
73904 7 -1
73905 7 -1
73909 7 -1
73911 7 -1
73912 7 -1
73913 7 -1
73914 7 -1
73915 7 -1
73916 7 -1
73923 7 -1
73924 7 -1
73925 7 -1
73927 7 -1
73928 7 -1
73932 7 -1
73944 7 -1
73945 7 -1
73946 7 -1
73947 7 -1
73948 7 -1
73950 7 -1
73952 7 -1
73953 7 -1
73954 7 -1
73955 7 -1
73956 7 -1
73957 7 -1
73982 7 -1
73983 7 -1
73984 7 -1
73985 7 -1
73986 7 -1
73988 7 -1
73991 7 -1
74003 7 -1
74004 7 -1
74005 7 -1
74006 7 -1
74008 7 -1
74017 7 -1
74018 7 -1
74020 7 -1
74021 7 -1
74023 7 -1
74024 7 -1
74025 7 -1
74027 7 -1
74031 7 -1
74032 7 -1
74040 7 -1
74041 7 -1
74042 7 -1
74043 7 -1
74044 7 -1
74045 7 -1
74046 7 -1
74047 7 -1
74048 7 -1
74050 7 -1
74051 7 -1
74052 7 -1
74053 7 -1
74054 7 -1
74055 7 -1
74056 7 -1
74057 7 -1
74075 7 -1
74099 7 -1
74127 7 -1
74129 7 -1
74130 7 -1
74131 7 -1
74132 7 -1
74133 7 -1
74143 7 -1
74144 7 -1
74145 7 -1
74146 7 -1
74147 7 -1
74149 7 -1
74150 7 -1
74151 7 -1
74152 7 -1
74153 7 -1
74154 7 -1
74155 7 -1
74156 7 -1
74157 7 -1
74158 7 -1
74159 7 -1
74160 7 -1
74161 7 1
74162 7 -1
74163 7 1
74164 7 1
74166 7 1
74168 7 1
74169 7 1
74170 7 1
74173 7 1
74174 7 1
74175 7 1
74176 7 1
74177 7 1
74184 7 1
74185 7 1
74188 7 1
74189 7 1
74190 7 1
74191 7 1
74192 7 1
74200 7 1
74201 7 1
74202 7 1
74203 7 1
74204 7 1
74205 7 1
74206 7 1
74207 7 1
74209 7 1
74210 7 1
74211 7 1
74212 7 1
74213 7 1
74215 7 1
74217 7 1
74218 7 1
74219 7 1
74220 7 1
74221 7 1
74222 7 1
74224 7 1
74225 7 1
74226 7 -1
74228 7 -1
74229 7 -1
74231 7 -1
74232 7 -1
74240 7 -1
74241 7 -1
74242 7 1
74243 7 1
74244 7 1
74245 7 1
74247 7 1
74248 7 1
74249 7 1
74250 7 1
74251 7 1
74252 7 -1
74253 7 -1
74255 7 -1
74256 7 1
74257 7 1
74258 7 1
74259 7 1
74260 7 1
74261 7 1
74262 7 1
74263 7 1
74264 7 1
74265 7 1
74271 7 1
74272 7 1
74273 7 1
74274 7 -1
74275 7 -1
74276 7 1
74277 7 1
74279 7 1
74293 7 1
74315 7 1
74338 7 1
74339 7 1
74341 7 1
74342 7 1
74343 7 1
74354 7 1
74355 7 1
74356 7 1
74357 7 1
74358 7 1
74360 7 1
74361 7 0
74362 7 0
74363 7 0
74364 7 0
74365 7 0
74366 7 0
74367 7 0
74369 7 0
74370 7 0
74371 7 0
74372 7 0
74373 7 0
74374 7 0
74375 7 0
74376 7 0
74377 7 0
74378 7 0
74379 7 0
74380 7 0
74381 7 0
74382 7 0
74383 7 0
74384 7 0
74385 7 0
74386 7 0
74387 7 0
74389 7 0
74390 7 0
74391 7 0
74392 7 0
74393 7 0
74394 7 0
74395 7 0
74396 7 0
74397 7 0
74398 7 0
74408 7 0
74409 7 0
74411 7 0
74412 7 0
74413 7 0
74414 7 0
74415 7 0
74416 7 0
74417 7 0
74419 7 0
74420 7 0
74421 7 0
74422 7 0
74423 7 0
74424 7 0
74425 7 0
74426 7 0
74428 7 0
74430 7 0
74431 7 0
74432 7 0
74433 7 0
74434 7 0
74435 7 0
74436 7 0
74437 7 0
74438 7 0
74439 7 0
74440 7 0
74441 7 0
74442 7 0
74443 7 0
74444 7 0
74445 7 0
74446 7 0
74447 7 0
74449 7 0
74450 7 0
74451 7 0
74452 7 0
74461 7 0
74462 7 0
74463 7 0
74464 7 0
74465 7 0
74466 7 0
74467 7 0
74468 7 0
74476 7 0
74477 7 0
74478 7 0
74479 7 0
74480 7 0
74481 7 0
74482 7 0
74483 7 0
74484 7 0
74485 7 0
74487 7 0
74488 7 0
74502 7 0
74524 7 0
74545 7 0
74547 7 0
74548 7 0
74549 7 0
74550 7 0
74552 7 0
74553 7 0
74554 7 0
74555 7 0
74556 7 0
74557 7 0
74558 7 0
74559 7 0
74560 7 0
74561 7 0
74562 7 0
74563 7 0
74573 7 0
74574 7 0
74575 7 0
74576 7 0
74577 7 0
74579 7 0
74580 7 0
74582 7 0
74584 7 0
74585 7 0
74586 7 0
74587 7 0
74588 7 0
74590 7 0
74591 7 0
74592 7 0
74593 7 0
74595 7 0
74597 7 0
74598 7 0
74599 7 0
74600 7 0
74601 7 0
74602 7 0
74603 7 0
74604 7 0
74605 7 0
74606 7 0
74607 7 0
74608 7 0
74609 7 0
74610 7 0
74658 7 1
74659 7 1
74660 7 1
74661 7 1
74662 7 1
74663 7 1
74664 7 1
74665 7 1
74677 7 1
74678 7 1
74679 7 1
74682 7 1
74684 7 1
74686 7 1
74687 7 1
74688 7 1
74689 7 1
74690 7 1
74699 7 1
74701 7 1
74702 8 1
74703 8 1
74704 8 1
74705 8 1
74707 8 1
74711 8 1
74713 8 1
74715 8 1
74716 8 -1
74717 8 -1
74718 8 -1
74719 8 -1
74720 8 -1
74722 8 -1
74723 8 -1
74724 8 -1
74726 8 -1
74727 8 -1
74729 8 -1
74730 8 -1
74732 8 -1
74733 8 -1
74735 8 -1
74736 8 -1
74737 8 -1
74738 8 -1
74739 8 -1
74740 8 -1
74741 8 -1
74743 8 -1
74744 8 -1
74747 8 -1
74749 8 -1
74751 8 -1
74753 8 -1
74754 8 -1
74755 8 -1
74756 8 -1
74757 8 -1
74765 8 -1
74767 8 -1
74768 8 -1
74769 8 -1
74770 8 -1
74773 8 -1
74775 8 -1
74777 8 -1
74778 8 -1
74779 8 -1
74993 8 -1
75013 8 -1
75040 8 -1
75182 8 -1
75183 8 -1
75184 8 -1
75200 8 -1
75214 8 -1
75216 8 -1
75217 8 -1
75218 8 -1
75219 8 -1
75220 8 -1
75222 8 -1
75223 8 -1
75224 8 -1
75226 8 -1
75234 8 -1
75235 8 1
75236 8 1
75237 8 1
75238 8 1
75239 8 1
75240 8 1
75241 8 1
75244 8 1
75245 8 1
75246 8 1
75247 8 1
75248 8 1
75249 8 1
75250 8 1
75251 8 1
75252 8 1
75253 8 1
75254 8 1
75255 8 1
75256 8 1
75257 8 1
75259 8 1
75261 8 1
75262 8 1
75263 8 1
75273 8 1
75277 8 1
75278 8 1
75279 8 1
75288 8 1
75299 8 1
75300 8 1
75304 8 1
75305 8 1
75306 8 1
75308 8 1
75317 8 1
75318 8 1
75319 8 1
75320 8 1
75321 8 1
75322 8 1
75323 8 1
75324 8 1
75329 8 1
75330 8 1
75333 8 1
75334 8 1
75336 8 1
75340 8 1
75342 8 1
75343 8 1
75344 8 1
75345 8 1
75347 8 1
75349 8 1
75361 8 1
75362 8 0
75363 8 0
75364 8 0
75365 8 0
75366 8 0
75367 8 0
75368 8 0
75369 8 0
75371 8 0
75372 8 0
75373 8 0
75374 8 0
75375 8 0
75376 8 0
75377 8 0
75378 8 0
75379 8 0
75380 8 0
75381 8 0
75382 8 0
75383 8 0
75384 8 0
75385 8 0
75387 8 0
75398 8 0
75401 8 0
75402 8 0
75403 8 0
75404 8 0
75405 8 0
75406 8 0
75407 8 0
75434 8 0
75435 8 0
75436 8 0
75437 8 0
75438 8 0
75439 8 0
75448 8 0
75450 8 0
75451 8 0
75452 8 0
75453 8 0
75454 8 0
75455 8 0
75456 8 0
75458 8 0
75461 8 0
75462 8 0
75463 8 0
75464 8 0
75465 8 0
75466 8 0
75467 8 0
75468 8 0
75469 8 0
75470 8 0
75471 8 0
75472 8 0
75473 8 0
75474 8 0
75475 8 0
75476 8 0
75477 8 0
75478 8 0
75480 8 0
75481 8 0
75482 8 0
75483 8 0
75484 8 0
75485 8 0
75493 8 0
75497 8 0
75512 8 0
75530 8 0
75544 8 0
75548 8 0
75549 8 0
75550 8 0
75551 8 0
75552 8 0
75575 8 0
75597 8 0
75598 8 0
75599 8 0
75600 8 0
75601 8 0
75603 8 0
75604 8 0
75605 8 0
75606 8 0
75607 8 0
75608 8 0
75609 8 0
75610 8 0
75611 8 0
75612 8 0
75613 8 0
75617 8 0
75618 8 0
75625 8 0
75626 8 0
75627 8 0
75628 8 0
75629 8 0
75630 8 0
75631 8 0
75632 8 0
75634 8 0
75636 8 0
75645 8 0
75646 8 0
75648 8 0
75649 8 0
75650 8 0
75660 8 0
75661 8 0
75662 8 0
75663 8 -1
75664 8 0
75665 8 0
75677 8 0
75679 8 0
75680 8 0
75682 8 0
75684 8 0
75685 8 0
75686 8 0
75687 8 0
75695 8 0
75696 8 0
75697 8 0
75698 8 0
75699 8 0
75700 8 0
75701 8 0
75702 8 0
75705 8 0
75712 8 0
75737 8 0
75738 8 0
75742 8 0
75743 8 0
75745 8 0
75748 8 0
75749 8 0
75750 8 0
75751 8 0
75752 8 0
75753 8 0
75755 8 0
75756 8 0
75757 8 0
75759 8 0
75760 8 0
75761 8 0
75762 8 0
75763 8 0
75764 8 0
75765 8 0
75766 8 0
75767 8 0
75768 8 0
75769 8 0
75770 8 0
75771 8 0
75772 8 0
75773 8 0
75774 8 0
75775 8 0
75776 8 0
75777 8 0
75778 8 0
75779 8 0
75790 8 0
75792 8 1
75817 8 1
75839 8 1
75850 8 1
75851 8 1
75852 8 1
75867 8 -1
75868 8 1
75869 8 1
75870 8 1
75874 8 1
75875 8 1
75876 8 1
75877 8 1
75878 8 1
75879 8 1
75880 8 1
75881 8 1
75882 8 1
75883 8 1
75884 8 1
75885 8 1
75887 8 1
75888 8 1
75889 8 1
75890 8 1
75891 8 1
75892 8 1
75916 8 1
75918 8 1
75919 8 1
75920 8 1
75921 8 1
75922 8 1
75923 8 1
75924 8 1
75926 8 1
75928 8 1
75929 8 1
75932 8 -1
75933 8 -1
75934 8 -1
75942 8 -1
75943 8 -1
75944 8 -1
75945 8 -1
75946 8 -1
75947 8 -1
75948 8 -1
75949 8 -1
75950 8 -1
75953 8 -1
75957 8 -1
75958 8 -1
75962 8 -1
75963 8 -1
75964 8 -1
75965 8 -1
75966 8 -1
75969 8 -1
75982 8 -1
75985 9 -1
75991 9 1
75992 9 1
76009 9 1
76011 9 1
76013 9 1
76016 9 1
76018 9 1
76019 9 1
76020 9 1
76022 9 1
76026 9 1
76030 9 -1
76032 9 -1
76033 9 -1
76034 9 -1
76035 9 -1
76036 9 -1
76037 9 -1
76046 9 -1
76054 9 -1
76055 9 -1
76056 9 -1
76057 9 -1
76058 9 -1
76059 9 -1
76061 9 -1
76072 9 -1
76089 9 -1
76098 9 -1
76099 9 -1
76115 9 -1
76174 9 -1
76184 9 -1
76186 9 -1
76187 9 -1
76188 9 -1
76207 9 -1
76214 9 -1
76220 9 -1
76232 9 -1
76233 9 -1
76234 9 -1
76235 9 -1
76236 9 -1
76237 9 -1
76600 9 -1
76624 9 -1
76646 9 -1
76673 9 -1
76705 9 -1
76727 9 -1
76731 9 -1
76732 9 -1
76734 9 -1
76742 9 -1
76750 9 -1
76760 9 -1
76767 9 -1
76785 9 -1
76793 9 -1
76795 9 -1
76796 9 -1
76797 9 -1
76799 9 -1
76803 9 -1
76804 9 -1
76822 9 -1
76827 9 -1
76829 9 -1
76831 9 -1
76834 9 -1
76867 9 -1
76868 9 -1
76869 9 -1
76872 9 -1
76880 9 -1
76884 9 -1
76890 9 -1
76891 9 -1
76893 9 -1
76894 9 -1
76895 9 -1
76896 9 -1
76897 9 -1
76898 9 -1
76900 9 -1
76903 9 -1
76919 9 -1
76920 9 -1
76921 9 -1
76929 9 -1
76936 9 -1
76937 9 -1
76938 9 -1
76941 9 -1
76948 9 -1
76958 9 -1
76967 9 -1
76968 9 -1
76970 9 -1
76971 9 -1
76972 9 -1
76977 9 -1
76980 9 -1
76988 9 -1
76995 9 -1
76996 9 -1
76997 9 -1
77014 9 -1
77015 9 -1
77016 9 -1
77019 9 -1
77021 9 -1
77022 9 -1
77032 9 -1
77033 9 -1
77034 9 -1
77035 9 -1
77039 9 -1
77041 9 -1
77042 9 -1
77043 9 -1
77044 9 -1
77089 9 -1
77090 9 -1
77091 9 -1
77092 9 -1
77093 9 -1
77094 9 -1
77096 9 -1
77099 9 -1
77101 9 -1
77102 9 -1
77103 9 -1
77104 9 -1
77106 9 -1
77107 9 -1
77108 9 -1
77109 9 -1
77111 9 -1
77112 9 -1
77113 9 -1
77114 9 -1
77115 9 -1
77116 9 -1
77118 9 -1
77119 9 -1
77120 9 -1
77121 9 -1
77125 9 -1
77144 9 -1
77145 9 -1
77150 9 -1
77151 9 -1
77172 9 -1
77173 9 -1
77175 9 -1
77176 9 -1
77177 9 -1
77178 9 -1
77179 9 -1
77180 9 -1
77181 9 -1
77182 9 -1
77183 9 -1
77184 9 -1
77185 9 -1
77210 9 -1
77216 9 -1
77217 9 -1
77218 9 -1
77219 9 -1
77220 9 -1
77221 9 -1
77233 9 -1
77235 9 -1
77236 9 -1
77237 9 -1
77238 9 -1
77239 9 -1
77240 9 -1
77241 9 -1
77260 9 -1
77261 9 -1
77262 9 -1
77263 9 -1
77264 9 -1
77265 9 -1
77266 9 -1
77267 9 -1
77273 9 -1
77278 9 -1
77279 9 -1
77294 9 -1
77296 9 -1
77297 9 -1
77298 9 -1
77299 9 -1
77300 9 -1
77310 9 -1
77311 9 -1
77312 9 -1
77314 9 -1
77316 9 -1
77327 9 -1
77328 9 -1
77331 9 -1
77332 9 -1
77333 9 -1
77334 9 -1
77335 9 -1
77336 9 -1
77337 9 -1
77339 9 -1
77340 9 -1
77342 9 -1
77343 9 -1
77344 9 -1
77345 9 -1
77346 9 -1
77347 9 -1
77374 9 -1
77375 9 -1
77408 9 -1
77409 9 -1
77422 9 -1
77424 9 -1
77425 9 -1
77426 9 -1
77427 9 -1
77428 9 -1
77429 9 -1
77437 9 -1
77438 9 -1
77441 9 -1
77442 9 -1
77444 9 -1
77456 9 -1
77457 9 -1
77458 9 -1
77466 9 -1
77468 9 -1
77472 9 -1
77473 9 -1
77474 9 -1
77475 9 -1
77476 9 -1
77491 9 -1
77492 9 -1
77493 9 -1
77512 9 -1
77517 9 -1
77518 9 -1
77519 9 -1
77520 9 -1
77521 9 -1
77524 9 -1
77525 9 -1
77526 9 -1
77527 9 -1
77529 9 -1
77545 9 -1
77546 9 -1
77547 9 -1
77548 9 -1
77549 9 -1
77550 9 -1
77555 9 -1
77556 9 -1
77557 9 -1
77558 9 -1
77559 9 -1
77560 9 -1
77562 9 -1
77574 9 -1
77584 9 -1
77585 9 -1
77600 9 -1
77692 9 -1
77696 9 -1
77714 9 -1
77715 9 -1
77716 9 -1
77760 9 -1
77771 9 -1
77772 9 -1
77773 9 -1
77774 9 -1
77775 9 -1
77777 9 -1
77779 9 -1
77780 9 -1
77781 9 -1
77782 9 -1
77783 9 -1
77784 9 -1
77785 9 -1
77786 9 -1
77787 9 -1
77788 9 -1
77790 9 -1
77791 9 -1
77796 9 -1
77797 9 -1
77804 9 -1
77807 9 -1
77808 9 -1
77809 9 -1
77810 9 -1
77811 9 -1
77822 9 -1
77823 9 -1
77827 9 -1
77829 9 -1
77830 9 -1
77831 9 -1
77832 9 -1
77835 9 -1
77839 9 -1
77842 9 -1
77848 9 -1
77850 9 -1
77855 9 -1
77856 9 -1
77858 9 -1
77860 9 -1
77864 9 -1
77866 9 -1
77867 9 -1
77868 9 -1
77870 9 -1
77871 9 -1
77873 9 -1
77875 9 -1
77877 9 -1
77879 9 -1
77881 9 -1
77889 9 -1
77890 9 -1
77892 9 -1
77893 9 -1
77894 9 -1
77895 9 -1
77896 9 -1
77897 9 -1
77898 9 -1
77899 9 -1
77900 9 -1
77901 9 -1
77902 9 -1
77903 9 -1
77904 9 -1
77905 9 -1
77906 9 -1
77907 9 -1
77908 9 -1
77909 9 -1
77910 9 -1
77913 9 -1
77914 9 -1
77915 9 -1
77916 9 -1
77917 9 -1
77923 9 -1
77940 9 -1
77941 9 -1
77942 9 -1
77943 9 -1
77944 9 -1
77945 9 -1
77946 9 -1
77951 9 -1
77952 9 -1
77953 9 -1
77955 9 -1
77956 9 -1
77957 9 -1
