060000
060001
060002
060003
060004
060005
060006
060007
060008
060009
060010
060011
060012
060013
060014
060015
060016
060017
060018
060019
060020
060021
060022
060023
060024
060025
060026
060027
060028
060029
060038
060043
060044
060178
060179
060182
060183
060184
060222
060223
060224
060225
060226
060227
060228
060229
060230
060231
060232
060233
060234
060235
060239
060240
060247
060249
060250
060252
060256
060260
060261
060262
060263
060264
060265
060266
060267
060269
060270
060271
060274
060275
060276
060277
060278
060279
060280
060281
060282
060283
060285
060286
060287
060289
060290
060296
060301
060306
060307
060308
060309
060310
060315
060323
060325
060328
060329
060330
060331
060334
060338
060339
060341
060342
060343
060344
060346
060347
060348
060349
060350
060351
060352
060353
060354
060355
060356
060357
060358
060359
060360
060361
060362
060363
060364
060365
060366
060367
060368
060369
060370
060371
060372
060373
060374
060375
060376
060377
060378
060379
060382
060386
060401
060402
060403
060404
060406
060408
060414
060415
060416
060419
060420
060421
060423
060426
060427
060431
060433
060434
060435
060436
060437
060438
060439
060441
060442
060445
060447
060448
060451
060452
060455
060457
060463
060464
060465
060466
060467
060468
060469
060470
060471
060472
060474
060475
060476
060477
060478
060479
060480
060481
060482
060483
060484
060485
060486
060489
060490
060491
060492
060493
060494
060495
060501
060504
060505
060506
060507
060508
060509
060510
060511
060512
060513
060519
060520
060522
060524
060525
060527
060528
060529
060560
060561
060563
060564
060567
060568
060569
060570
060571
060573
060574
060576
060582
060583
060584
060585
060586
060588
060590
060591
060593
060594
060595
060596
060597
060598
060599
060600
060603
060604
060605
060607
060611
060613
060614
060615
060616
060617
060619
060620
060621
060622
060624
060625
060627
060628
060629
060630
060631
060632
060634
060635
060636
060637
060638
060639
060640
060641
060642
060643
060644
060645
060646
060647
060648
060649
060650
060652
060653
060654
060655
060656
060657
060658
060659
060661
060662
060663
060664
060665
060666
060673
060675
060676
060677
060678
060679
060682
060683
060684
060686
060687
060688
060689
060690
060691
060692
060693
060694
060695
060696
060697
060699
060700
060701
060702
060703
060704
060705
060706
060708
060709
060710
060711
060713
060714
060715
060716
060718
060719
060720
060721
060722
060724
060725
060726
060727
060728
060729
060730
060731
060732
060733
060734
060735
060736
060737
060739
060740
060741
060744
060745
060746
060748
060749
060750
060751
060752
060753
060754
060755
060756
060757
060758
060760
060761
060762
060763
060764
060766
060767
060768
060769
060770
060771
060773
060774
060775
060776
060777
060778
060779
060780
060783
060785
060786
060787
060788
060789
060790
060791
060792
060793
060794
060795
060796
060797
060805
060842
060845
060846
060855
060856
060857
060858
060872
060873
060874
060917
060918
060919
060920
060957
060958
060960
060972
060973
060975
061005
061006
061007
061008
061009
061010
061011
061012
061015
061016
061017
061018
061019
061020
061021
061022
061023
061024
061033
061034
061035
061037
061058
061067
061119
061126
061135
061138
061166
061167
061168
061173
061174
061185
061216
061217
061218
061263
061266
061267
061268
061289
061292
061389
061404
061405
061438
061440
061442
061444
061469
061473
061474
061492
061505
061510
061512
061525
061530
061537
061547
061549
061595
061602
061603
061604
061606
061607
061608
061609
061610
061611
061612
061626
061629
061646
061650
061671
061673
061678
061703
061705
061706
061707
061730
061731
061732
061733
061734
061735
061740
061741
061742
061743
061744
061745
061746
061753
061754
061755
061756
061757
061761
061763
061765
061766
061767
061768
061769
061770
061771
061778
061790
061831
061896
061923
061928
061940
061941
061942
061943
061944
061945
061948
061962
061964
061966
061972
061973
061974
061980
061984
061998
061999
062001
062006
062012
062014
062018
062019
062020
062021
062024
062025
062026
062027
062028
062029
062062
062063
062088
062089
062092
062093
062094
062108
062122
062136
062138
062140
062170
062172
062176
062179
062182
062184
062204
062215
062236
062238
062240
062256
062257
062259
062267
062270
062288
062291
062298
062303
062333
062339
062357
062358
062359
062361
062362
062383
062388
062391
062392
062393
062399
062401
062409
062410
062413
062414
062416
062418
062420
062427
062428
062429
062430
062431
062432
062434
062435
062447
062450
062454
062459
062461
062470
062471
062472
062479
062492
062493
062513
062542
062550
062552
062597
062599
062600
062609
062622
062624
062625
062626
062627
062629
062637
062649
062651
062656
062659
062661
062662
062663
062664
062666
062668
062674
062675
062684
062685
062686
062688
062689
062690
062692
062703
062714
062721
062722
062723
062725
062726
062728
062729
062730
062731
062738
062757
062758
062773
062780
062783
062784
062787
062792
062799
062800
062804
062815
062817
062819
062820
062821
062825
062826
062827
062828
062829
062831
062832
062833
062840
062841
062842
062843
062844
062845
062849
062850
062851
062853
062856
062859
062862
062865
062866
062868
062870
062871
062874
062877
062878
062883
062884
062885
062887
062888
062908
062909
062910
062912
062915
062930
062931
062932
062933
062934
062956
062957
062960
062961
062966
062971
062972
062973
062974
062980
062986
062987
062999
063000
063002
063073
063080
063081
063083
063092
063093
063102
063103
063114
063115
063117
063145
063146
063147
063151
063169
063170
063171
063193
063194
063203
063204
063206
063207
063210
063211
063213
063215
063216
063229
063238
063243
063263
063276
063277
063278
063280
063282
063287
063288
063290
063299
063337
063343
063344
063345
063352
063360
063366
063370
063373
063376
063379
063382
063386
063388
063389
063390
063415
063416
063417
063419
063429
063439
063445
063451
063561
063564
063566
063567
063568
063570
063571
063572
063574
063575
063577
063579
063580
063581
063582
063584
063585
063587
063588
063596
063597
063725
063727
063728
063730
063759
063763
063765
063766
063767
063768
063769
063812
063813
063818
063820
063821
063822
063824
063825
063827
063915
063916
063917
063919
063920
063921
063927
063928
063929
063930
063931
063932
063933
063945
063946
063947
063987
063989
064008
064009
064012
064013
064018
064019
064020
064021
064067
064068
064075
064081
064084
064085
064086
064087
064088
064089
064090
064098
064099
064100
064103
064104
064105
064107
064108
064111
064112
064113
064114
064115
064116
064117
064118
064120
064121
064123
064128
064129
064131
064135
064136
064137
064138
064139
064141
064169
064172
064173
064174
064175
064176
064178
064184
064237
064253
064254
064272
064273
064275
064276
064277
064278
064279
064281
064289
064290
064294
064301
064310
064311
064313
064315
064316
064317
064318
064319
064320
064321
064322
064323
064325
064327
064329
064330
064331
064332
064334
064337
064342
064343
064345
064350
064351
064355
064356
064358
064359
064367
064368
064369
064370
064371
064372
064373
064374
064375
064376
064377
064379
064381
064382
064383
064384
064413
064418
064419
064420
064421
064454
064510
064511
064514
064515
064516
064517
064518
064520
064521
064536
064557
064558
064560
064561
064562
064587
064591
064592
064619
064621
064622
064643
064646
064663
064664
064665
064693
064704
064717
064718
064720
064721
064762
064764
064766
064767
064768
064788
064789
064801
064812
064828
064829
064830
064831
064832
064833
064835
064857
064858
064859
064861
064863
064864
064867
064868
064869
064870
064871
064872
064879
064886
064887
064889
064890
064894
064904
064908
064909
064923
064936
064937
064939
064941
064942
064943
064973
064978
064994
065000
065018
065019
065034
065039
065059
065060
065065
065082
065083
065110
065111
065133
065153
065171
065187
065199
065200
065201
065202
065203
065227
065232
065248
065250
065252
065278
065281
065282
065335
065380
065381
065382
065383
065384
065385
065395
065396
065397
065398
065399
065400
065401
065402
065403
065404
065406
065407
065408
065409
065411
065413
065414
065415
065450
065451
065453
065455
065460
065461
065465
065466
065467
065468
065469
065471
065473
065475
065477
065479
065480
065481
065482
065487
065491
065492
065493
065494
065495
065497
065504
065506
065508
065510
065512
065514
065515
065516
065518
065520
065522
065524
065526
065528
065530
065532
065534
065536
065538
065540
065542
065551
065553
065555
065557
065558
065560
065562
065564
065566
065568
065571
065582
065584
065592
065596
065598
065607
065608
065610
065612
065619
065621
065622
065623
065624
065625
065626
065628
065629
065630
065631
065633
065668
065670
065672
065674
065676
065678
065680
065685
065687
065689
065691
065692
065694
065695
065697
065699
065716
065718
065720
065722
065724
065726
065727
065729
065730
065731
065733
065735
065737
065739
065741
065743
065745
065749
065751
065754
065755
065760
065762
065764
065766
065768
065770
065772
065773
065774
065776
065778
065783
065785
065787
065789
065791
065793
065795
065796
065797
065798
065800
065801
065803
065805
065806
065808
065810
065812
065814
065816
065818
065820
065822
065824
065826
065827
065831
065834
065836
065838
065840
065842
065843
065844
065846
065848
065850
065852
065854
065856
065858
065860
065862
065864
065866
065868
065870
065872
065874
065875
065876
065877
065879
065881
065885
065887
065889
065891
065893
065901
065902
065903
065905
065907
065909
065911
065919
065921
065923
065925
065927
065928
065929
065931
065933
065935
065937
065939
065941
065942
065944
065946
065961
065962
065963
065964
065965
065966
065967
065968
065969
065970
065972
065973
065979
065980
065981
065982
065983
065984
065986
065994
065995
065998
065999
066001
066002
066005
066006
066011
066012
066013
066014
066025
066027
066029
066031
066034
066036
066037
066038
066040
066042
066044
066045
066047
066049
066051
066052
066053
066055
066057
066059
066065
066066
066073
066075
066087
066089
066091
066092
066093
066094
066095
066096
066097
066098
066100
066102
066103
066106
066113
066114
066115
066116
066117
066118
066119
066120
066121
066122
066123
066132
066145
066146
066147
066148
066149
066150
066151
066152
066153
066154
066155
066156
066157
066158
066160
066162
066163
066164
066165
066170
066171
066172
066173
066174
066176
066178
066179
066184
066185
066186
066187
066188
066189
066190
066192
066196
066202
066203
066204
066205
066207
066218
066222
066223
066226
066227
066228
066229
066230
066241
066243
066245
066247
066249
066250
066251
066252
066253
066254
066255
066256
066257
066258
066259
066260
066263
066264
066266
066271
066273
066274
066275
066277
066278
066279
066280
066281
066282
066283
066284
066285
066287
066289
066290
066292
066293
066294
066295
066296
066297
066303
066304
066305
066307
066309
066311
066313
066315
066317
066319
066323
066325
066327
066329
066331
066333
066335
066336
066344
066345
066346
066347
066348
066349
066350
066351
066352
066353
066354
066355
066356
066371
066372
066373
066374
066375
066376
066377
066412
066413
066414
066415
066416
066417
066418
066419
066420
066421
066422
066423
066424
066425
066426
066429
066433
066434
066435
066436
066437
066438
066439
066440
066441
066442
066443
066444
066445
066446
066447
066448
066449
066450
066451
066452
066453
066454
066455
066456
066457
066458
066459
066460
066461
066462
066463
066464
066465
066466
066467
066468
066469
066470
066472
066473
066475
066476
066477
066478
066479
066483
066484
066485
066486
066487
066488
066489
066490
066491
066492
066493
066494
066495
066496
066497
066498
066499
066500
066501
066502
066503
066504
066505
066506
066507
066508
066509
066510
066511
066512
066513
066514
066515
066516
066517
066518
066519
066520
066521
066522
066523
066524
066525
066526
066527
066540
066541
066542
066543
066544
066545
066546
066547
066548
066549
066550
066551
066552
066553
066554
066555
066556
066562
066563
066572
066573
066578
066579
066580
066581
066582
066583
066585
066586
066587
066588
066589
066590
066591
066592
066593
066594
066595
066596
066597
066598
066599
066600
066601
066602
066603
066605
066606
066607
066608
066610
066611
066612
066613
066621
066623
066624
066625
066650
066653
066654
066655
066656
066657
066658
066660
066662
066664
066665
066666
066667
066668
066676
066678
066679
066680
066681
066682
066683
066684
066685
066686
066687
066688
066690
066691
066692
066693
066694
066695
066696
066697
066698
066699
066700
066701
066702
066703
066704
066705
066706
066707
066709
066711
066713
066714
066719
066720
066721
066722
066723
066724
066725
066726
066727
066728
066729
066730
066731
066743
066745
066749
066759
066765
066766
066767
066769
066770
066771
066772
066774
066775
066776
066777
066778
066779
066781
066782
066783
066784
066786
066788
066789
066794
066795
066796
066797
066798
066799
066800
066801
066802
066803
066804
066805
066806
066807
066810
066812
066814
066815
066816
066820
066822
066828
066829
066830
066831
066832
066833
066834
066835
066837
066839
066841
066843
066846
066850
066851
066852
066853
066854
066855
066856
066857
066859
066860
066871
066873
066896
066897
066898
066899
066900
066901
066902
066903
066904
066910
066911
066912
066913
066914
066915
066916
066917
066918
066919
066920
066921
066922
066923
066924
066925
066926
066927
066928
066929
066930
066931
066932
066933
066934
066935
066936
066937
066938
066939
066940
066941
066942
066943
066944
066945
066946
066947
066948
066949
066952
066954
066955
066956
066966
066967
066968
066970
066971
066972
066973
066982
066983
066984
066987
066989
066990
066991
066992
066993
066994
066995
066996
066999
067001
067002
067006
067020
067024
067026
067027
067039
067041
067042
067043
067044
067049
067051
067052
067053
067054
067055
067056
067062
067063
067066
067068
067069
067070
067071
067073
067074
067075
067076
067077
067078
067083
067158
067166
067173
067175
067176
067177
067178
067180
067181
067190
067200
067202
067215
067241
067242
067255
067256
067265
067279
067280
067281
067299
067325
067345
067346
067347
067349
067350
067352
067354
067356
067358
067359
067360
067361
067362
067363
067365
067366
067367
067369
067371
067372
067374
067380
067381
067382
067383
067384
067385
067386
067387
067388
067391
067392
067394
067396
067397
067398
067400
067402
067403
067404
067405
067406
067407
067408
067409
067410
067418
067420
067423
067424
067425
067426
067427
067429
067430
067447
067448
067449
067450
067461
067462
067523
067524
067525
067526
067527
067530
067533
067534
067536
067537
067539
067542
067544
067545
067550
067552
067553
067554
067555
067563
067564
067565
067566
067567
067568
067570
067571
067573
067574
067582
067591
067592
067593
067595
067596
067597
067599
067600
067601
067602
067603
067605
067606
067607
067608
067609
067610
067611
067612
067614
067616
067621
067623
067644
067646
067648
067732
067733
067737
067739
067747
067749
067750
067757
067758
067759
067760
067761
067762
067763
067765
067767
067768
067769
067771
067772
067773
067774
067775
067780
067782
067783
067784
067785
067792
067793
067794
067801
067802
067803
067804
067805
067806
067807
067808
067809
067810
067811
067812
067813
067814
067815
067816
067817
067818
067819
067822
067823
067824
067834
067835
067836
067837
067838
067839
067840
067841
067842
067843
067845
067846
067847
067848
067850
067851
067868
067869
067870
067873
067874
067875
067876
067877
067878
067879
067880
067881
067882
067883
067884
067885
067886
067887
067889
067890
067891
067892
067893
067894
067896
067898
067899
067900
067901
067905
067907
067908
067909
067910
067920
067921
067923
067924
067925
067926
067927
067928
067929
067930
067931
067932
067933
067934
067935
067936
067937
067938
067939
067940
067941
067942
067943
067944
067948
067949
067950
067951
067952
067953
067954
067955
067956
067957
067958
067959
067960
067961
067962
067963
067964
067965
067966
067967
067968
067969
067970
067971
067972
067973
067975
067976
067977
067978
067983
067992
067993
067995
067996
067998
067999
068010
068011
068012
068013
068014
068015
068016
068024
068025
068026
068028
068029
068030
068031
068032
068033
068034
068035
068037
068038
068039
068040
068041
068042
068043
068044
068045
068046
068047
068048
068049
068050
068051
068052
068053
068054
068055
068056
068057
068058
068059
068060
068061
068062
068073
068075
068076
068077
068078
068079
068080
068081
068082
068083
068085
068086
068088
068091
068092
068093
068094
068095
068096
068097
068098
068099
068101
068102
068103
068105
068106
068107
068109
068110
068111
068112
068113
068114
068117
068118
068120
068121
068122
068123
068124
068125
068136
068137
068138
068139
068140
068141
068142
068143
068144
068145
068146
068147
068148
068164
068165
068166
068167
068168
068169
068170
068171
068172
068173
068174
068175
068176
068178
068179
068180
068181
068182
068194
068195
068196
068197
068198
068199
068200
068201
068202
068203
068204
068205
068206
068207
068208
068209
068210
068212
068213
068214
068215
068216
068217
068218
068219
068222
068223
068224
068225
068226
068227
068236
068237
068238
068240
068241
068249
068250
068251
068252
068253
068254
068255
068256
068257
068258
068259
068261
068262
068264
068265
068266
068267
068268
068269
068270
068271
068272
068273
068274
068275
068276
068277
068278
068279
068280
068282
068283
068284
068287
068288
068289
068290
068291
068292
068293
068294
068295
068296
068297
068298
068299
068300
068301
068320
068321
068322
068336
068350
068364
068365
068366
068367
068368
068369
068370
068371
068372
068373
068374
068375
068376
068379
068380
068381
068382
068384
068386
068387
068389
068391
068392
068398
068401
068404
068405
068406
068407
068409
068410
068411
068412
068413
068415
068416
068417
068418
068419
068420
068421
068423
068424
068425
068426
068427
068428
068429
068430
068431
068432
068433
068436
068438
068439
068440
068446
068447
068448
068450
068453
068454
068455
068456
068457
068458
068460
068461
068462
068472
068473
068474
068475
068484
068485
068486
068487
068488
068489
068490
068491
068492
068493
068494
068495
068502
068504
068514
068515
068516
068517
068518
068519
068520
068522
068524
068525
068526
068527
068528
068529
068530
068531
068532
068533
068541
068546
068547
068548
068549
068550
068551
068553
068554
068555
068556
068558
068559
068560
068563
068564
068565
068573
068574
068575
068577
068578
068579
068580
068581
068582
068607
068608
068609
068636
068638
068639
068640
068641
068642
068643
068644
068645
068647
068648
068659
068660
068661
068664
068665
068666
068667
068668
068670
068671
068745
068746
068747
068749
068750
068755
068757
068758
068759
068762
068763
068764
068765
068766
068767
068768
068769
068777
068806
068814
068842
068843
068844
068845
068861
068875
068881
068882
068883
068884
068885
068886
068887
068888
068971
068972
068973
068974
068975
068976
068977
068979
068980
068981
068982
068984
068985
068986
068987
068988
068989
068990
068994
068999
069007
069008
069009
069010
069014
069015
069016
069017
069018
069019
069020
069021
069022
069023
069026
069028
069029
069031
069032
069033
069034
069035
069037
069038
069039
069040
069041
069047
069049
069051
069052
069056
069068
069069
069070
069071
069072
069073
069074
069078
069079
069080
069081
069082
069087
069088
069089
069090
069091
069092
069093
069094
069095
069096
069104
069107
069108
069109
069110
069112
069113
069114
069115
069116
069132
069133
069146
069153
069154
069155
069156
069158
069159
069161
069162
069163
069164
069165
069166
069167
069168
069169
069176
069177
069178
069193
069206
069207
069208
069209
069210
069211
069212
069222
069223
069224
069239
069242
069252
069253
069254
069255
069256
069257
069258
069259
069261
069262
069263
069264
069265
069285
069287
069288
069292
069293
069294
069306
069307
069314
069318
069319
069321
069322
069324
069325
069326
069327
069333
069334
069335
069336
069342
069344
069346
069347
069348
069349
069350
069351
069352
069353
069354
069355
069356
069365
069366
069367
069368
069369
069378
069379
069380
069381
069382
069386
069387
069388
069389
069390
069391
069392
069393
069394
069395
069396
069397
069398
069399
069400
069402
069403
069404
069405
069406
069408
069410
069416
069419
069420
069421
069422
069423
069424
069425
069426
069427
069428
069433
069434
069442
069443
069444
069445
069447
069448
069449
069464
069477
069478
069485
069486
069487
069489
069491
069511
069519
069523
069542
069543
069544
069545
069547
069548
069549
069550
069551
069552
069553
069554
069555
069556
069557
069558
069561
069562
069563
069564
069565
069566
069567
069568
069569
069570
069571
069572
069573
069574
069575
069576
069577
069578
069579
069580
069581
069582
069583
069584
069585
069586
069592
069600
069601
069602
069603
069605
069606
069607
069610
069611
069612
069613
069614
069615
069616
069617
069618
069620
069621
069622
069624
069625
069626
069627
069628
069629
069630
069631
069632
069633
069634
069635
069636
069637
069638
069639
069640
069641
069642
069643
069644
069645
069646
069647
069648
069650
069651
069652
069672
069674
069675
069676
069677
069678
069679
069680
069681
069682
069683
069684
069685
069686
069687
069688
069689
069690
069691
069692
069693
069694
069695
069696
069697
069699
069700
069701
069702
069703
069704
069705
069706
069707
069708
069709
069710
069711
069712
069713
069714
069715
069716
069717
069718
069719
069720
069724
069725
069726
069734
069735
069736
069737
069738
069739
069740
069741
069742
069743
069744
069745
069746
069747
069748
069749
069750
069751
069752
069753
069754
069755
069756
069758
069759
069760
069761
069762
069763
069764
069765
069766
069768
069770
069771
069772
069773
069774
069775
069776
069777
069778
069779
069780
069798
069799
069800
069802
069803
069804
069805
069806
069807
069808
069809
069810
069811
069812
069818
069819
069820
069821
069822
069823
069824
069825
069826
069832
069834
069835
069837
069838
069839
069840
069841
069858
069859
069860
069871
069875
069876
069877
069886
069887
069888
069891
069893
069915
069928
069956
069961
069968
069990
070011
070012
070037
070042
070059
070065
070084
070091
070092
070105
070106
070107
070108
070109
070110
070111
070126
070128
070147
070162
070176
070182
070183
070185
070186
070187
070188
070189
070190
070191
070192
070193
070194
070295
070296
070298
070299
070302
070303
070304
070305
070306
070308
070310
070311
070312
070313
070315
070316
070317
070318
070321
070324
070327
070328
070329
070330
070331
070332
070333
070337
070340
070349
070352
070354
070355
070356
070357
070358
070360
070368
070369
070370
070372
070373
070375
070376
070377
070378
070379
070380
070382
070383
070384
070386
070388
070389
070390
070391
070392
070393
070394
070399
070403
070410
070411
070417
070418
070421
070433
070434
070457
070466
070467
070468
070469
070473
070474
070475
070476
070480
070481
070482
070483
070484
070486
070499
070500
070509
070510
070512
070513
070515
070516
070517
070519
070521
070522
070523
070524
070525
070538
070544
070548
070549
070550
070557
070558
070561
070562
070564
070581
070582
070583
070584
070585
070586
070587
070588
070589
070591
070592
070593
070594
070595
070601
070602
070603
070604
070606
070608
070609
070610
070611
070612
070613
070614
070615
070616
070617
070618
070619
070620
070628
070635
070636
070637
070639
070643
070645
070654
070656
070657
070658
070663
070666
070667
070668
070669
070670
070671
070672
070673
070674
070675
070676
070677
070678
070679
070681
070684
070685
070689
070690
070691
070692
070694
070695
070697
070698
070699
070700
070701
070702
070703
070704
070706
070707
070708
070709
070710
070711
070712
070713
070714
070715
070716
070717
070718
070720
070721
070722
070724
070725
070727
070728
070729
070730
070733
070734
070744
070746
070747
070748
070749
070750
070751
070752
070765
070767
070768
070778
070779
070780
070781
070782
070783
070784
070785
070786
070787
070788
070789
070790
070791
070792
070794
070796
070797
070798
070799
070802
070804
070805
070806
070807
070808
070814
070815
070817
070825
070827
070829
070830
070831
070832
070833
070834
070835
070836
070837
070839
070840
070841
070842
070843
070844
070845
070846
070848
070849
070850
070851
070852
070853
070854
070855
070856
070857
070858
070860
070861
070862
070863
070864
070865
070867
070868
070869
070870
070871
070872
070874
070875
070876
070877
070878
070880
070881
070882
070883
070885
070887
070888
070889
070897
070900
070901
070902
070903
070904
070905
070906
070907
070908
070909
070910
070911
070912
070913
070914
070915
070916
070917
070918
070920
070923
070927
070928
070931
070933
070937
070938
070939
070940
070944
070945
070946
070950
070961
070963
070964
070968
070969
070970
070972
070980
070981
070983
070984
070985
070986
070987
070988
070989
070990
070994
071015
071016
071017
071018
071041
071042
071043
071044
071045
071047
071049
071057
071058
071059
071060
071061
071062
071063
071065
071066
071067
071068
071070
071071
071072
071073
071074
071075
071077
071087
071088
071101
071103
071105
071112
071114
071119
071120
071123
071124
071125
071126
071127
071138
071140
071142
071143
071145
071149
071151
071153
071155
071156
071165
071174
071177
071181
071183
071190
071192
071202
071205
071216
071239
071240
071241
071242
071243
071244
071245
071246
071247
071248
071249
071250
071265
071266
071284
071298
071299
071300
071301
071303
071304
071305
071306
071310
071311
071312
071320
071321
071327
071335
071336
071337
071338
071341
071342
071343
071344
071345
071346
071347
071349
071359
071360
071389
071395
071398
071404
071412
071413
071414
071415
071416
071417
071418
071419
071420
071421
071423
071425
071427
071430
071431
071432
071433
071436
071437
071438
071439
071440
071441
071442
071443
071444
071445
071446
071447
071449
071450
071451
071452
071453
071454
071455
071456
071457
071458
071459
071460
071461
071463
071476
071477
071478
071479
071480
071482
071483
071484
071485
071486
071487
071488
071492
071493
071494
071495
071496
071506
071570
071589
071603
071612
071625
071626
071648
071669
071671
071674
071675
071677
071683
071695
071697
071770
071796
071806
071818
071821
071822
071825
071826
071829
071832
071833
071834
071835
071836
071837
071838
071839
071840
071841
071843
071844
071845
071847
071848
071849
071850
071852
071853
071854
071855
071856
071857
071861
071863
071865
071866
071867
071868
071870
071871
071881
071883
071884
071886
071887
071889
071890
071891
071892
071895
071896
071897
071898
071899
071900
071902
071903
071904
071905
071906
071907
071909
071911
071913
071915
071928
071942
071950
071951
071952
071953
071954
071955
071956
071957
071958
071959
071960
071961
071962
071964
071966
071967
071969
071971
071979
072010
072012
072013
072015
072016
072017
072018
072019
072021
072022
072024
072026
072028
072030
072031
072033
072034
072035
072037
072038
072040
072041
072043
072044
072045
072046
072048
072049
072050
072051
072053
072055
072056
072063
072067
072068
072069
072070
072071
072073
072074
072075
072077
072078
072079
072080
072082
072083
072085
072087
072088
072090
072091
072092
072093
072094
072095
072096
072097
072098
072100
072101
072102
072103
072104
072105
072107
072108
072109
072110
072111
072112
072113
072114
072116
072118
072128
072129
072130
072140
072141
072142
072143
072151
072152
072153
072154
072155
072156
072157
072158
072159
072160
072161
072162
072164
072165
072166
072167
072170
072171
072172
072173
072174
072176
072177
072178
072179
072181
072183
072184
072186
072187
072188
072189
072191
072193
072194
072206
072210
072212
072214
072215
072216
072217
072218
072219
072221
072222
072223
072224
072225
072226
072227
072228
072230
072231
072233
072237
072239
072240
072242
072246
072249
072251
072252
072253
072254
072255
072256
072257
072258
072260
072261
072262
072263
072264
072265
072269
072271
072273
072274
072275
072276
072277
072278
072279
072280
072281
072283
072284
072285
072288
072296
072298
072300
072301
072303
072305
072306
072307
072308
072309
072311
072313
072315
072316
072317
072318
072319
072320
072321
072322
072324
072325
072326
072330
072331
072333
072334
072335
072343
072346
072357
072358
072359
072360
072362
072363
072364
072365
072366
072367
072368
072369
072370
072371
072372
072373
072374
072375
072376
072377
072378
072379
072380
072381
072382
072390
072391
072392
072393
072394
072395
072396
072397
072398
072401
072402
072403
072404
072406
072408
072412
072413
072414
072415
072417
072419
072420
072438
072443
072457
072459
072473
072475
072476
072477
072478
072480
072482
072483
072484
072485
072486
072487
072488
072496
072497
072498
072499
072500
072501
072502
072503
072504
072516
072541
072557
072558
072559
072560
072561
072562
072563
072564
072565
072567
072569
072570
072571
072573
072575
072576
072577
072582
072583
072584
072586
072587
072588
072589
072590
072591
072592
072593
072594
072595
072596
072597
072599
072609
072611
072619
072620
072621
072623
072624
072625
072626
072627
072628
072630
072631
072634
072638
072640
072641
072642
072643
072644
072646
072647
072649
072651
072652
072653
072654
072656
072658
072660
072661
072662
072663
072664
072665
072666
072667
072668
072670
072673
072674
072675
072691
072693
072695
072696
072705
072707
072708
072709
072710
072711
072712
072713
072715
072716
072717
072718
072726
072727
072728
072729
072730
072731
072732
072733
072734
072735
072736
072737
072738
072739
072740
072741
072742
072743
072746
072748
072750
072751
072752
072753
072754
072755
072756
072757
072758
072759
072760
072761
072762
072763
072764
072765
072766
072767
072768
072769
072770
072772
072773
072774
072775
072780
072788
072789
072790
072791
072792
072793
072794
072795
072796
072797
072798
072799
072800
072801
072802
072803
072807
072808
072809
072810
072811
072814
072815
072816
072817
072818
072819
072820
072821
072823
072826
072827
072829
072830
072831
072832
072833
072834
072835
072836
072837
072838
072840
072841
072843
072845
072846
072847
072848
072849
072850
072851
072852
072853
072854
072855
072856
072864
072865
072866
072867
072868
072869
072870
072872
072874
072875
072876
072878
072879
072881
072882
072883
072888
072889
072890
072891
072892
072893
072894
072895
072896
072898
072899
072900
072902
072904
072905
072906
072907
072910
072911
072912
072913
072914
072915
072917
072918
072920
072926
072927
072928
072939
072953
072957
072959
072960
072968
072970
072971
072972
072974
072975
072976
072977
072978
072980
072981
072982
072983
072984
072985
072988
072989
072990
072991
072992
072993
072994
072995
072996
072997
072998
073000
073001
073002
073003
073004
073005
073007
073008
073009
073010
073011
073012
073014
073015
073016
073017
073019
073027
073030
073031
073032
073033
073034
073035
073036
073037
073040
073042
073044
073045
073051
073053
073054
073059
073065
073066
073067
073068
073070
073073
073074
073075
073077
073078
073080
073081
073082
073083
073085
073086
073087
073088
073089
073090
073091
073092
073093
073100
073101
073102
073125
073126
073127
073128
073129
073131
073132
073133
073135
073137
073142
073144
073152
073153
073154
073155
073156
073157
073159
073160
073161
073162
073167
073169
073177
073178
073179
073180
073181
073182
073183
073184
073185
073186
073187
073191
073195
073196
073199
073200
073201
073202
073203
073204
073205
073207
073211
073220
073221
073222
073223
073224
073225
073226
073227
073228
073230
073232
073236
073237
073238
073239
073240
073242
073243
073244
073245
073256
073257
073259
073260
073261
073262
073263
073264
073265
073269
073272
073286
073287
073288
073289
073290
073291
073292
073296
073297
073298
073300
073301
073302
073303
073304
073305
073306
073307
073308
073309
073313
073314
073315
073316
073317
073318
073319
073320
073321
073322
073323
073324
073325
073326
073327
073329
073330
073331
073332
073333
073334
073338
073339
073341
073342
073343
073344
073345
073346
073347
073348
073356
073357
073358
073360
073361
073362
073363
073364
073365
073366
073367
073368
073369
073370
073371
073372
073373
073374
073375
073376
073377
073378
073379
073381
073382
073383
073384
073385
073386
073387
073388
073396
073404
073405
073413
073414
073415
073417
073427
073429
073430
073431
073432
073433
073436
073443
073444
073445
073446
073449
073459
073463
073464
073465
073466
073467
073468
073469
073470
073471
073473
073475
073476
073477
073478
073479
073480
073482
073484
073485
073486
073487
073488
073489
073490
073491
073492
073493
073501
073502
073503
073504
073505
073506
073507
073508
073509
073510
073511
073512
073513
073514
073515
073519
073520
073521
073523
073525
073526
073527
073528
073529
073530
073531
073532
073533
073534
073535
073536
073537
073538
073541
073542
073543
073544
073545
073546
073547
073548
073550
073551
073553
073555
073556
073566
073567
073568
073570
073572
073574
073576
073578
073579
073580
073581
073582
073583
073585
073586
073587
073589
073591
073592
073593
073595
073596
073597
073598
073599
073600
073601
073603
073604
073605
073606
073607
073608
073609
073610
073611
073612
073620
073621
073622
073624
073626
073627
073628
073629
073631
073632
073633
073634
073635
073643
073644
073645
073646
073647
073648
073649
073650
073651
073653
073654
073655
073657
073658
073660
073661
073662
073663
073664
073665
073666
073667
073668
073669
073670
073671
073673
073674
073699
073701
073702
073703
073704
073705
073706
073707
073708
073709
073711
073713
073715
073720
073721
073723
073724
073726
073731
073733
073734
073735
073737
073738
073739
073740
073741
073742
073744
073745
073746
073747
073748
073749
073750
073751
073752
073753
073755
073757
073759
073763
073765
073789
073790
073814
073836
073837
073839
073840
073841
073842
073843
073844
073845
073846
073885
073886
073887
073888
073889
073890
073891
073892
073893
073894
073895
073896
073897
073898
073899
073900
073901
073902
073903
073904
073905
073907
073909
073911
073912
073913
073914
073915
073916
073923
073924
073925
073927
073928
073930
073932
073941
073943
073944
073945
073946
073947
073948
073950
073952
073953
073954
073955
073956
073957
073979
073980
073982
073983
073984
073985
073986
073988
073991
073993
074003
074004
074005
074006
074008
074017
074018
074020
074021
074022
074023
074024
074025
074026
074027
074031
074032
074040
074041
074042
074043
074044
074045
074046
074047
074048
074050
074051
074052
074053
074054
074055
074056
074057
074058
074075
074099
074121
074127
074129
074130
074131
074132
074133
074142
074143
074144
074145
074146
074147
074149
074150
074151
074152
074153
074154
074155
074156
074157
074158
074159
074160
074161
074162
074163
074164
074166
074168
074169
074170
074173
074174
074175
074176
074177
074178
074179
074184
074185
074186
074188
074189
074190
074191
074192
074200
074201
074202
074203
074204
074205
074206
074207
074209
074210
074211
074212
074213
074215
074217
074218
074219
074220
074221
074222
074224
074225
074226
074228
074229
074231
074232
074240
074241
074242
074243
074244
074245
074247
074248
074249
074250
074251
074252
074253
074255
074256
074257
074258
074259
074260
074261
074262
074263
074264
074265
074266
074267
074269
074270
074271
074272
074273
074274
074275
074276
074277
074279
074293
074315
074338
074339
074341
074342
074343
074354
074355
074356
074357
074358
074359
074360
074361
074362
074363
074364
074365
074366
074367
074369
074370
074371
074372
074373
074374
074375
074376
074377
074378
074379
074380
074381
074382
074383
074384
074385
074386
074387
074389
074390
074391
074392
074393
074394
074395
074396
074397
074398
074406
074408
074409
074411
074412
074413
074414
074415
074416
074417
074419
074420
074421
074422
074423
074424
074425
074426
074427
074428
074429
074430
074431
074432
074433
074434
074435
074436
074437
074438
074439
074440
074441
074442
074443
074444
074445
074446
074447
074449
074450
074451
074452
074461
074462
074463
074464
074465
074466
074467
074468
074476
074477
074478
074479
074480
074481
074482
074483
074484
074485
074486
074487
074488
074502
074524
074545
074547
074548
074549
074550
074552
074553
074554
074555
074556
074557
074558
074559
074560
074561
074562
074563
074573
074574
074575
074576
074577
074578
074579
074580
074582
074584
074585
074586
074587
074588
074589
074590
074591
074592
074593
074595
074597
074598
074599
074600
074601
074602
074603
074604
074605
074606
074607
074608
074609
074610
074621
074623
074625
074627
074628
074629
074630
074631
074632
074633
074634
074635
074636
074637
074639
074641
074642
074643
074644
074645
074646
074647
074648
074649
074650
074651
074652
074653
074657
074658
074659
074660
074661
074662
074663
074664
074665
074677
074678
074679
074680
074682
074684
074686
074687
074688
074689
074690
074698
074699
074701
074702
074703
074704
074705
074707
074709
074711
074713
074715
074716
074717
074718
074719
074720
074722
074723
074724
074726
074727
074729
074730
074732
074733
074735
074736
074737
074738
074739
074740
074741
074743
074744
074747
074749
074751
074753
074754
074755
074756
074757
074765
074767
074768
074769
074770
074773
074775
074777
074778
074779
074781
074795
074812
074813
074833
074842
074851
074863
074880
074890
074891
074902
074907
074923
074927
074928
074947
074954
074975
074993
075000
075013
075040
075077
075079
075081
075097
075105
075117
075131
075133
075147
075161
075180
075182
075183
075184
075200
075214
075216
075217
075218
075219
075220
075222
075223
075224
075226
075234
075235
075236
075237
075238
075239
075240
075241
075244
075245
075246
075247
075248
075249
075250
075251
075252
075253
075254
075255
075256
075257
075259
075261
075262
075263
075264
075272
075273
075275
075277
075278
075279
075288
075289
075296
075299
075300
075301
075302
075303
075304
075305
075306
075308
075317
075318
075319
075320
075321
075322
075323
075324
075326
075328
075329
075330
075331
075333
075334
075336
075340
075342
075343
075344
075345
075347
075348
075349
075351
075361
075362
075363
075364
075365
075366
075367
075368
075369
075371
075372
075373
075374
075375
075376
075377
075378
075379
075380
075381
075382
075383
075384
075385
075387
075398
075401
075402
075403
075404
075405
075406
075407
075409
075411
075413
075434
075435
075436
075437
075438
075439
075448
075449
075450
075451
075452
075453
075454
075455
075456
075457
075458
075459
075460
075461
075462
075463
075464
075465
075466
075467
075468
075469
075470
075471
075472
075473
075474
075475
075476
075477
075478
075479
075480
075481
075482
075483
075484
075485
075493
075497
075498
075511
075512
075530
075544
075545
075548
075549
075550
075551
075552
075575
075597
075598
075599
075600
075601
075603
075604
075605
075606
075607
075608
075609
075610
075611
075612
075613
075617
075618
075619
075620
075621
075622
075624
075625
075626
075627
075628
075629
075630
075631
075632
075634
075635
075636
075637
075645
075646
075647
075648
075649
075650
075651
075652
075653
075654
075655
075656
075657
075658
075659
075660
075661
075662
075663
075664
075665
075666
075667
075668
075669
075670
075671
075672
075673
075674
075675
075676
075677
075679
075680
075681
075682
075684
075685
075686
075687
075695
075696
075697
075698
075699
075700
075701
075702
075705
075708
075709
075710
075711
075712
075713
075715
075718
075722
075729
075731
075736
075737
075738
075740
075742
075743
075744
075745
075748
075749
075750
075751
075752
075753
075754
075755
075756
075757
075758
075759
075760
075761
075762
075763
075764
075765
075766
075767
075768
075769
075770
075771
075772
075773
075774
075775
075776
075777
075778
075779
075790
075792
075817
075839
075850
075851
075852
075854
075856
075857
075860
075861
075862
075863
075864
075865
075867
075868
075869
075870
075874
075875
075876
075877
075878
075879
075880
075881
075882
075883
075884
075885
075887
075888
075889
075890
075891
075892
075893
075916
075917
075918
075919
075920
075921
075922
075923
075924
075926
075928
075929
075930
075931
075932
075933
075934
075942
075943
075944
075945
075946
075947
075948
075949
075950
075951
075953
075955
075957
075958
075962
075963
075964
075965
075966
075968
075969
075982
075985
075987
075989
075991
075992
075993
075995
076009
076011
076013
076016
076017
076018
076019
076020
076022
076026
076027
076028
076030
076032
076033
076034
076035
076036
076037
076044
076046
076054
076055
076056
076057
076058
076059
076061
076072
076089
076090
076095
076098
076099
076113
076114
076115
076139
076141
076164
076174
076178
076184
076186
076187
076188
076201
076207
076214
076220
076228
076229
076230
076232
076233
076234
076235
076236
076237
076238
076251
076252
076253
076255
076256
076258
076263
076264
076265
076266
076267
076268
076271
076272
076273
076274
076275
076276
076277
076278
076280
076281
076305
076336
076337
076342
076353
076364
076376
076387
076403
076420
076442
076451
076464
076481
076510
076522
076524
076544
076552
076567
076573
076594
076600
076623
076624
076644
076645
076646
076672
076673
076705
076727
076729
076731
076732
076734
076742
076748
076750
076759
076760
076767
076769
076770
076774
076777
076782
076785
076787
076788
076793
076795
076796
076797
076799
076803
076804
076806
076822
076826
076827
076829
076831
076834
076866
076867
076868
076869
076872
076876
076877
076880
076884
076890
076891
076893
076894
076895
076896
076897
076898
076900
076901
076903
076907
076908
076915
076917
076919
076920
076921
076922
076926
076929
076934
076936
076937
076938
076941
076948
076958
076967
076968
076970
076971
076972
076977
076980
076988
076990
076991
076992
076993
076995
076996
076997
077014
077015
077016
077017
077019
077021
077022
077024
077026
077028
077030
077031
077032
077033
077034
077035
077037
077039
077041
077042
077043
077044
077055
077056
077079
077080
077083
077089
077090
077091
077092
077093
077094
077096
077099
077101
077102
077103
077104
077105
077106
077107
077108
077109
077111
077112
077113
077114
077115
077116
077118
077119
077120
077121
077125
077144
077145
077150
077151
077165
077166
077167
077168
077169
077170
077172
077173
077175
077176
077177
077178
077179
077180
077181
077182
077183
077184
077185
077199
077208
077210
077216
077217
077218
077219
077220
077221
077222
077233
077235
077236
077237
077238
077239
077240
077241
077260
077261
077262
077263
077264
077265
077266
077267
077268
077269
077270
077271
077272
077273
077278
077279
077294
077295
077296
077297
077298
077299
077300
077310
077311
077312
077313
077314
077315
077316
077327
077328
077329
077330
077331
077332
077333
077334
077335
077336
077337
077338
077339
077340
077342
077343
077344
077345
077346
077347
077373
077374
077375
077408
077409
077422
077423
077424
077425
077426
077427
077428
077429
077437
077438
077441
077442
077444
077445
077456
077457
077458
077466
077468
077469
077472
077473
077474
077475
077476
077478
077482
077487
077491
077492
077493
077501
077512
077516
077517
077518
077519
077520
077521
077522
077524
077525
077526
077527
077528
077529
077545
077546
077547
077548
077549
077550
077551
077552
077553
077555
077556
077557
077558
077559
077560
077562
077563
077573
077574
077584
077585
077599
077600
077626
077628
077630
077664
077680
077692
077696
077698
077700
077702
077704
077714
077715
077716
077743
077760
077765
077771
077772
077773
077774
077775
077776
077777
077779
077780
077781
077782
077783
077784
077785
077786
077787
077788
077790
077791
077792
077793
077794
077796
077797
077798
077799
077800
077801
077802
077804
077806
077807
077808
077809
077810
077811
077820
077822
077823
077827
077828
077829
077830
077831
077832
077835
077839
077841
077842
077843
077847
077848
077849
077850
077851
077852
077853
077855
077856
077858
077860
077864
077866
077867
077868
077869
077870
077871
077873
077875
077877
077879
077881
077889
077890
077891
077892
077893
077894
077895
077896
077897
077898
077899
077900
077901
077902
077903
077904
077905
077906
077907
077908
077909
077910
077911
077913
077914
077915
077916
077917
077923
077940
077941
077942
077943
077944
077945
077946
077951
077952
077953
077954
077955
077956
077957
077958
